Taxonomy	F01	F02	F03	F04	F05	F06	F07	F08	F09	F10	F11	F12	F13	F14	F15	F16	F17	F18	F19	F20	F21	F22	F23	F24	F25	F26	F27	F28	F29	F30	F31	F32	F33	F34	F35	F36	F37	F38	F39	F40	F41	F42	F43	F44	F45	F46	F47	F48	F49	F50	F51	F52	F53	F54	F55	F56	F57	F58	F59	F60	F61	F62	F63	F64	F65	F66	F67	F68	F69	F70
Penicillium	38439	532	46959	42640	56796	1649	1267	52276	1770	49343	2621	1547	2107	2081	2933	2881	3046	2898	5461	2213	2966	2965	3147	3293	3215	3378	3083	3139	2452	2053	1165	35399	867	39592	42785	573	4385	1162	50458	49253	2025	1649	1399	1725	2433	3209	2323	1882	2852	3004	1152	1019	1553	1709	1488	1398	2414	3201	1170	1334	2181	6276	2559	11740	1227	4016	18149	1543	2208	15547
Cladosporium	18432	57637	744	2053	2727	61581	59690	9264	84	9385	105	62	67	45	89	95	94	105	339	70	91	106	61	98	98	52	95	68	76	81	44925	23161	50476	14789	13822	60145	54253	45769	9676	8018	62	22	64	67	73	102	64	73	130	124	36	36	48	69	53	53	52	2467	21	42	68	34	46	76	25	51	743	23	68	124
Mortierella	1661	2149	3296	266	871	1716	2139	384	10012	729	9875	8094	11193	13320	16090	17085	13686	15181	10973	8661	12641	13986	17415	13102	12668	13734	14581	9930	8778	8464	5767	1438	4932	2012	565	1902	2587	4478	821	731	8602	6432	6116	7005	9872	10012	8254	8064	11380	8738	5246	4504	8878	8758	7612	7789	15504	892	6243	5460	8588	4908	5048	2763	4902	4899	4563	5336	7798	3959
Trichoderma	1264	1168	2505	113	834	832	1128	334	5270	829	8008	4509	6168	6684	9627	8703	9369	9386	8246	6844	8173	8520	9436	8992	8514	9331	8221	8584	6550	5799	3344	1209	2979	1571	541	1266	1475	3025	488	624	5924	4976	4184	4933	6961	8683	6440	5524	8060	6740	3577	3046	5369	6106	4751	4387	8161	713	3196	3820	5358	3815	4110	2496	3344	3778	3246	4037	5607	3191
Russula	1284	1404	1980	134	757	936	1395	253	4380	547	8458	4917	4935	5169	8205	7644	8804	8324	8807	7219	9083	8422	7910	8124	8847	8652	8181	9908	7706	7076	2726	857	2319	1155	341	1483	1337	3570	606	483	6391	4747	4680	5874	6559	9635	7474	5390	8576	7436	3388	3076	4424	5689	5128	3523	6414	660	2795	3398	4667	3362	3944	2596	3120	3431	2917	3780	5808	3131
unidentified	899	2840	1447	51	605	652	906	190	3160	378	6762	4840	4284	4531	6455	6535	7253	6843	7817	7751	8149	8044	6442	7890	8264	7333	7352	8336	7150	7226	2201	513	1501	881	187	968	766	2394	477	246	6393	3827	5082	5682	5484	8635	7217	5699	8682	7218	2678	2358	3348	4759	4616	2833	5053	13228	1799	3189	4343	2694	3119	1715	2134	2407	2143	2858	5236	1933
Oidiodendron	426	400	807	50	291	259	321	101	1724	236	2537	1704	2440	2580	3760	3818	3562	3223	3089	2336	3543	3497	3533	4111	3250	3595	3559	3092	2420	1875	1174	292	792	535	146	365	337	757	177	186	1806	1730	1396	1618	2747	3757	2260	1904	2989	2168	1030	1066	1535	1752	1476	1526	2870	371	1094	994	2411	1361	1600	862	1170	1289	951	1397	2518	971
Lactifluus	456	504	669	46	276	426	424	132	1550	252	3398	1790	1631	1794	2902	2757	3099	3057	2964	2949	2910	2604	2502	2669	3501	2794	2702	3884	2975	2658	962	306	729	403	128	436	503	1633	247	178	2508	1626	2117	2264	2296	3394	3016	2306	3293	3007	1280	1052	1617	2308	2266	1263	2323	334	905	1313	1576	1244	1331	886	1079	1285	1091	1456	2251	1210
Craterellus	200	247	375	23	135	183	301	53	899	116	2061	1115	986	1128	1887	1858	1905	1758	2017	1788	2042	1831	1669	2001	2353	1999	1773	2195	1807	1692	629	175	482	205	79	289	274	822	112	74	1604	1143	1236	1368	1599	2038	1747	1261	1971	1757	867	699	1019	1279	1172	903	1398	0	570	682	996	742	865	543	637	728	679	889	1551	604
Chloridium	288	267	463	26	226	129	207	79	863	133	1452	989	1404	1395	1960	1963	2063	1911	1863	1364	2164	2134	1739	2151	1908	2289	2148	2024	1248	1139	865	162	515	345	99	208	248	475	109	71	1115	1153	860	839	1501	2047	1406	1023	1946	1286	807	732	870	1104	718	996	1440	201	697	649	1396	899	998	465	654	575	701	835	1515	612
Aspergillus	180	272	334	34	71	210	294	32	716	110	1731	904	1181	964	1527	1705	1737	1686	1756	1401	1522	1876	1679	1797	1750	1797	1803	1995	1414	1152	510	144	538	166	64	236	319	572	71	68	1119	888	785	1005	1263	2213	1328	1120	1455	1111	804	603	790	1027	892	803	1314	302	586	620	913	647	818	415	538	573	552	761	1296	541
Tolypocladium	244	281	387	58	174	122	240	55	627	122	1092	719	997	891	1320	1295	1445	1326	1324	1048	1477	1553	1352	1569	1383	1633	1515	1325	1052	948	445	167	386	303	89	234	215	433	90	86	937	678	735	847	1039	1451	972	895	1342	919	497	418	616	711	617	634	1106	0	550	492	890	517	609	396	443	426	477	557	897	390
Wickerhamomyces	82	113	185	15	48	84	97	14	752	37	948	673	638	777	1153	1002	1032	1170	959	1026	943	1072	1201	954	1194	953	1013	1047	977	1010	355	68	269	77	30	136	130	466	60	40	996	579	743	883	789	1035	1010	815	1223	1095	471	372	812	881	874	627	1113	0	370	603	602	367	376	232	413	447	332	485	658	412
Acremonium	9	7	26	17795	161	28	42	0	9	302	5	6	11	4	20	18	19	17	30	10	8	8	8	0	0	19	7	21	13	0	0	0	6	0	0	2	8	9	0	29	0	9	11	7	14	19	16	8	14	40	4	0	3	25	2	0	17	11370	0	0	3	4	5	12	4	13	6	0	0	10
Sarcodon	26	28	46	2	20	29	32	6	156	11	515	250	144	176	340	264	292	374	356	429	340	299	301	294	518	318	293	407	494	481	78	13	77	15	8	31	37	211	31	5	524	190	368	454	197	305	457	309	421	516	130	115	260	291	386	140	276	0	99	181	122	96	124	93	110	171	108	162	185	119
Lactarius	44	60	63	0	30	35	49	7	84	30	360	163	139	122	284	316	316	216	395	384	406	295	179	306	341	343	256	462	317	388	74	36	66	50	9	66	40	149	20	0	357	180	259	357	255	472	435	256	381	375	127	126	129	176	183	59	186	334	78	116	133	156	174	100	99	87	124	159	272	100
Chaetomium	48	0	61	10	33	31	47	0	140	34	320	128	197	150	283	256	244	246	349	292	292	342	288	321	332	295	308	323	286	309	115	40	40	55	25	59	0	80	31	0	238	114	128	208	265	377	277	229	377	285	121	97	60	190	112	94	244	0	94	85	160	127	127	75	132	81	62	144	194	95
Fusarium	11	24	27	0	12	24	18	0	34	9	6	54	63	37	55	92	87	46	132	69	73	105	83	95	39	83	87	55	50	59	3	0	17	16	18	7	14	23	9	9	73	54	49	36	50	73	59	31	63	73	23	18	32	41	31	3	64	4395	0	33	37	27	35	15	18	122	2777	25	74	130
Umbelopsis	10	18	34	3	14	19	37	5	128	4	274	178	150	149	148	173	285	185	284	294	203	269	225	215	232	286	177	302	334	275	68	8	64	13	0	44	18	69	14	5	185	166	221	273	233	285	289	270	353	290	72	51	112	156	271	74	228	0	62	63	133	58	75	67	66	96	54	62	117	83
Talaromyces	42	51	34	3	22	20	40	4	88	18	174	142	147	130	211	224	213	243	271	215	271	280	210	251	255	265	287	300	238	224	106	32	65	17	17	34	24	72	19	13	232	162	139	168	184	306	222	180	204	183	103	96	93	113	121	94	142	100	44	76	114	88	104	67	83	73	65	80	200	81
Verticillium	19	36	47	5	27	29	23	7	80	0	134	96	143	121	180	221	158	152	96	142	150	202	161	177	164	154	191	140	117	131	63	13	51	35	11	43	35	29	17	8	109	62	91	109	128	187	122	115	145	91	60	62	80	103	108	93	118	178	63	42	108	60	71	32	63	50	61	75	104	51
Candida	8	12	26	0	7	0	5	2	62	0	165	134	54	118	105	133	136	154	149	167	159	184	117	126	161	165	130	176	164	231	39	6	25	4	6	18	13	82	0	0	227	79	138	165	112	181	170	147	208	181	62	54	101	85	168	69	107	0	41	43	71	42	59	25	38	48	35	64	93	39
Arthrobotrys	8	22	21	0	13	19	18	4	47	0	165	100	43	68	129	111	194	109	213	198	140	135	92	124	159	121	129	181	157	193	30	9	25	14	7	17	10	82	10	7	116	91	129	131	141	140	154	115	171	159	65	28	63	112	109	79	94	0	39	55	57	26	64	37	47	43	46	86	105	37
Sebacina	0	46	53	0	0	27	62	11	42	0	147	79	65	61	101	99	148	91	164	141	130	139	84	143	138	139	148	176	147	130	34	24	27	30	8	0	32	48	16	0	112	74	59	109	105	229	148	140	119	132	61	0	38	65	63	55	68	429	37	29	54	49	70	38	28	34	53	49	65	26
Sporothrix	30	14	30	0	0	0	20	0	48	4	138	114	78	31	119	144	121	106	166	167	142	123	68	134	154	131	105	163	163	91	16	4	22	24	5	18	17	49	7	5	168	57	111	121	126	91	176	107	182	101	36	39	76	111	106	29	83	0	34	60	81	60	75	35	43	50	39	59	49	35
Castanediella	10	9	19	0	6	10	19	4	51	10	100	95	71	92	108	137	108	123	76	144	118	151	160	110	178	97	133	112	106	100	20	5	19	6	5	7	9	44	7	7	109	79	79	97	94	125	136	101	118	125	44	28	57	55	85	44	85	0	46	45	63	42	65	46	46	29	35	49	117	42
Geomyces	13	13	18	0	10	8	16	3	59	3	104	56	84	83	108	95	123	140	154	129	115	105	121	131	108	97	130	103	133	139	38	5	29	9	3	10	13	50	5	3	119	67	83	109	73	193	93	113	117	91	45	53	49	87	88	47	108	0	32	36	69	34	48	28	35	39	22	57	96	44
Archaeorhizomyces	10	25	21	0	3	16	29	0	65	0	52	26	96	95	74	103	85	61	82	60	100	101	108	161	59	108	112	88	29	39	41	18	25	17	0	0	14	26	17	9	25	26	46	18	93	102	45	24	90	28	30	38	29	43	14	61	100	1437	58	13	77	35	37	19	15	17	20	22	46	35
Glutinomyces	0	0	28	0	10	0	0	0	69	0	132	78	85	112	94	166	140	107	82	113	131	84	113	91	110	140	136	102	95	80	24	0	21	0	0	0	9	0	0	0	69	52	64	92	68	141	79	40	117	132	38	30	74	51	56	44	111	0	42	38	69	22	54	16	29	37	21	49	49	20
Inocybe	12	0	11	0	0	10	7	0	35	0	146	80	40	56	64	62	66	90	131	131	85	6	56	56	88	74	0	103	16	126	23	7	25	11	3	10	24	0	6	5	120	0	100	109	75	124	164	85	112	149	34	28	54	70	89	35	73	579	26	35	0	39	34	20	27	34	20	35	66	0
Amanita	20	11	12	0	9	9	17	0	24	0	120	72	29	36	50	65	91	75	117	117	64	83	72	89	89	98	114	164	140	166	24	10	20	10	5	16	4	34	12	0	138	30	91	166	66	137	140	113	186	112	22	25	56	78	96	21	40	18	22	18	39	36	50	14	17	20	24	28	45	29
Sarocladium	4	4	0	0	0	0	0	2	0	0	17	9	5	6	6	8	11	11	11	7	7	7	7	10	11	12	9	17	10	12	3	3	0	0	0	0	0	3	3	0	15	0	3	3	12	5	2	0	10	13	4	6	0	9	0	0	4	3566	0	5	5	0	5	4	0	8	4	6	2	0
Meyerozyma	14	8	13	0	3	5	15	0	35	0	88	76	40	58	79	92	130	103	100	79	79	90	90	85	83	83	74	97	77	103	25	6	22	12	0	15	13	34	8	5	94	46	62	96	61	124	138	71	113	84	30	33	35	59	101	42	83	0	27	38	43	35	40	10	16	34	22	34	70	22
Metapochonia	10	4	24	0	12	6	17	3	39	4	69	58	45	38	56	102	78	71	76	69	95	62	75	67	75	51	85	71	68	89	23	9	29	17	9	10	13	24	3	0	73	40	54	72	46	67	67	64	78	77	22	30	37	53	90	42	68	212	17	19	42	19	35	22	20	24	24	26	31	32
Nigrospora	13	10	18	0	9	0	9	0	40	3	58	38	0	47	41	105	50	61	75	32	45	65	54	73	62	23	84	52	45	0	24	7	9	13	0	8	12	17	0	0	43	30	27	14	55	94	53	45	68	35	25	21	25	36	34	38	71	710	15	20	16	22	25	19	23	10	28	21	31	0
Penicillifer	12	28	20	7	16	16	10	0	17	0	47	58	63	61	59	87	79	68	40	62	54	71	89	78	61	69	99	48	38	42	26	5	24	25	0	13	7	22	4	0	41	27	33	31	41	77	28	33	83	57	26	32	23	31	19	32	53	0	34	13	60	28	21	12	32	26	28	20	36	15
Chaetosphaeria	0	15	17	0	0	10	17	0	22	0	43	39	40	50	50	77	13	75	67	57	73	93	68	91	83	92	73	66	32	54	20	0	21	0	0	9	4	8	0	0	35	35	27	30	66	41	73	45	51	70	36	20	35	37	33	5	46	0	23	17	55	22	29	14	14	29	29	40	54	18
Xylogone	12	7	14	0	0	6	3	0	26	6	50	38	56	39	55	73	62	36	78	73	76	85	60	51	86	62	62	75	78	55	17	8	15	4	0	5	7	19	0	2	74	28	30	45	42	72	53	46	68	71	30	26	21	36	18	24	35	0	15	28	45	25	28	9	11	10	11	18	58	21
Clitocybula	0	0	6	0	0	4	0	3	13	0	63	37	3	17	22	22	31	35	26	47	45	35	14	34	54	14	35	65	56	71	0	0	5	0	0	0	0	12	0	0	53	17	42	46	19	74	60	38	72	51	23	9	7	13	34	13	16	521	0	10	21	8	15	10	4	21	10	18	4	14
Mollisia	9	8	7	0	4	7	9	0	32	5	47	31	29	33	31	53	56	40	66	39	50	38	38	42	33	46	58	44	57	53	12	4	10	0	0	2	4	15	0	7	30	27	46	38	29	33	56	35	52	41	25	18	21	26	29	14	38	0	22	7	31	5	23	10	10	10	14	22	35	6
Rhizopus	0	0	0	0	0	0	0	0	0	0	0	0	0	0	0	0	0	0	0	0	0	0	0	0	0	0	0	0	0	0	0	0	0	0	0	0	0	0	0	0	0	0	0	0	0	0	0	0	0	0	0	0	0	0	0	0	0	0	0	0	29	0	0	1602	4	0	83	8	0	0
Scleroderma	6	0	4	0	0	2	0	0	6	0	24	24	13	17	22	18	30	33	46	55	52	45	11	32	41	31	43	52	45	47	3	0	0	0	0	0	4	9	8	3	26	24	28	34	39	44	57	35	75	38	17	12	8	13	28	24	9	233	6	17	24	9	17	21	8	12	18	21	56	3
Microascus	0	0	0	0	0	0	0	0	0	0	4	0	0	0	0	0	0	0	0	0	0	0	0	0	0	0	0	0	0	9	0	0	0	0	0	0	0	0	0	0	0	0	7	0	0	0	0	0	0	0	0	0	0	0	0	0	0	401	0	0	13	19	18	774	100	7	24	16	0	45
Lauriomyces	0	0	13	0	7	0	14	0	13	0	23	38	13	22	29	62	62	0	35	35	0	39	52	40	57	27	30	45	36	32	16	4	0	3	0	5	0	11	0	0	47	18	24	0	36	66	34	22	0	50	27	20	21	24	29	0	11	0	11	12	18	25	15	8	26	19	9	20	46	14
Laccaria	0	0	5	0	3	0	0	3	12	0	34	33	15	12	17	15	20	22	35	48	39	38	12	13	40	22	17	56	59	55	8	0	7	3	0	5	0	25	0	0	48	9	48	50	16	47	63	33	47	43	8	10	14	19	35	7	11	0	0	17	19	4	8	12	10	6	8	0	25	7
Tomentella	6	0	2	0	2	0	0	0	11	0	33	22	10	8	25	25	29	8	41	54	27	34	31	17	39	27	25	60	29	47	6	0	3	0	2	4	0	5	0	0	42	9	14	25	15	39	50	23	51	36	3	7	11	22	7	8	20	0	0	9	13	7	11	11	8	0	12	14	23	12
Clonostachys	7	14	0	6	10	4	4	2	21	0	0	28	0	23	44	33	30	29	32	36	45	35	20	0	23	25	33	23	62	0	18	5	5	0	0	7	0	19	0	0	17	8	7	30	31	0	0	32	27	50	10	0	8	42	6	0	31	0	12	0	17	16	8	8	8	12	16	15	16	7
Psilocybe	0	5	5	0	2	5	0	0	9	0	35	38	9	11	15	11	19	23	19	32	34	30	11	25	31	25	19	22	30	32	6	2	2	0	0	4	0	11	0	0	39	8	18	31	22	25	43	23	31	35	11	5	14	26	32	5	17	0	5	8	8	7	10	5	0	9	6	6	20	8
Cladophialophora	3	0	0	0	0	0	0	0	10	0	38	25	7	12	12	6	42	9	16	41	33	24	27	18	36	22	18	32	32	39	0	0	0	0	0	3	0	14	4	0	45	11	27	33	7	47	44	29	45	33	3	8	16	6	19	0	11	0	3	10	0	5	13	0	0	5	2	6	27	0
Colletotrichum	0	0	0	0	3	2	6	0	10	0	31	20	21	15	30	28	14	27	11	32	41	52	20	22	48	7	20	21	28	24	2	0	7	4	0	6	5	2	0	0	16	10	15	27	24	22	20	31	66	21	14	3	5	4	8	0	5	0	8	2	22	8	13	4	15	4	4	8	25	4
Leohumicola	10	0	10	0	0	0	0	0	21	0	24	20	23	14	30	31	35	17	31	19	30	18	28	19	14	40	29	35	15	21	12	0	10	0	8	0	0	0	5	0	19	13	24	10	14	14	18	22	35	12	0	14	7	17	11	22	21	0	6	15	22	8	14	3	0	8	23	0	16	9
Gibberella	8	6	8	0	0	0	0	0	9	0	0	0	0	13	14	9	13	19	11	11	0	19	14	0	16	11	21	8	0	14	6	0	0	0	0	0	0	11	0	0	0	14	0	7	0	7	16	10	6	9	8	0	0	10	0	0	13	572	9	9	0	0	0	7	0	0	0	0	0	0
Metarhizium	3	0	0	0	4	0	0	0	0	0	0	0	8	6	0	2	0	0	2	0	4	0	8	0	4	0	14	0	0	5	0	0	0	0	0	0	0	0	0	0	8	8	0	0	0	0	0	0	0	0	0	0	0	7	0	9	0	766	0	0	6	0	0	0	0	0	0	0	8	0
Alternaria	7	4	52	0	4	4	10	0	5	0	21	18	7	0	15	16	18	17	25	37	17	27	15	21	27	12	15	30	23	23	13	2	7	11	0	0	0	16	3	0	16	7	17	10	8	15	27	8	33	14	8	5	18	24	12	9	13	0	5	9	11	0	12	0	4	4	0	7	20	6
Gliocladiopsis	0	6	8	4	3	0	0	0	14	0	16	14	23	27	17	29	14	37	18	25	31	19	36	17	29	26	29	7	13	23	16	4	11	0	5	0	4	0	0	0	17	7	12	10	12	17	0	15	16	6	8	14	11	17	6	11	18	0	11	10	17	11	3	3	0	0	6	14	17	12
Thermoascus	0	0	0	0	0	15	0	0	0	0	0	4	0	0	2	0	0	10	292	0	0	0	0	0	0	0	0	0	0	0	0	0	0	0	0	0	0	0	0	0	0	0	3	0	0	0	0	0	7	0	0	0	0	0	0	0	0	444	0	0	0	2	0	0	0	0	0	0	0	0
Lecanicillium	0	2	0	0	0	0	0	0	4	0	12	4	3	0	0	5	2	7	0	0	9	12	0	0	9	6	0	4	12	14	0	0	0	0	0	0	0	0	0	0	9	0	3	10	7	0	15	8	16	8	0	0	4	6	3	0	0	555	0	2	0	0	5	0	3	0	5	5	4	4
Irpex	3	3	5	0	0	3	0	0	5	2	18	8	9	14	9	14	25	27	13	26	17	21	9	9	27	14	5	24	23	37	5	0	0	0	0	0	2	4	0	0	29	8	18	20	13	12	42	21	29	24	4	11	7	7	26	4	10	0	0	5	5	2	11	8	5	4	5	7	13	4
Clavaria	0	0	0	0	0	0	0	0	0	0	0	0	0	0	0	0	0	0	0	0	0	0	0	0	0	0	0	3	0	0	0	0	0	0	0	0	0	0	0	0	0	0	0	0	0	0	0	0	2	0	0	0	0	0	0	0	0	700	0	0	0	0	0	0	0	0	0	0	0	0
Metacordyceps	0	0	3	0	0	4	3	0	5	0	23	10	20	0	19	16	19	34	11	21	21	16	11	20	16	22	16	25	11	0	0	0	5	6	0	3	0	5	4	0	9	9	18	21	6	23	23	9	18	20	0	5	6	9	12	8	15	0	0	7	17	9	7	0	7	0	7	10	16	7
Sagenomella	3	0	0	2	0	0	0	0	9	0	3	12	6	3	19	18	17	26	17	25	18	13	21	9	20	21	22	16	9	12	6	0	0	4	0	0	0	9	0	0	19	8	18	15	0	20	18	15	16	14	11	3	5	17	12	8	11	0	6	10	15	9	7	0	2	0	16	7	21	9
Scytalidium	4	0	0	0	0	0	0	0	6	0	7	0	9	11	11	17	38	11	9	25	25	8	23	32	13	13	11	12	32	21	4	0	5	0	0	0	0	2	0	0	19	6	6	8	13	26	14	11	12	11	11	15	13	7	12	0	14	0	8	0	0	0	9	3	0	11	0	9	8	4
Magnaporthe	2	2	8	0	0	4	0	0	6	0	0	0	0	0	0	0	0	0	3	0	0	0	0	0	0	0	0	0	0	0	20	5	0	0	0	4	2	0	0	0	0	0	0	0	0	0	0	0	0	0	0	0	0	0	0	0	3	503	3	3	0	0	0	0	0	0	0	0	0	0
Arthropsis	0	0	0	0	0	0	0	0	11	0	13	12	15	12	20	29	9	18	0	17	14	27	14	13	21	12	7	16	10	16	10	0	0	5	0	0	0	0	0	0	6	0	7	0	8	11	9	9	17	20	0	3	9	18	6	6	13	0	9	7	9	7	0	4	8	0	0	6	12	3
Pestalotiopsis	6	0	0	0	0	0	0	0	11	0	21	11	5	14	0	11	0	4	20	20	13	20	14	17	29	17	0	12	24	28	0	0	0	0	0	6	0	7	0	0	8	3	16	6	4	0	20	11	19	14	8	7	9	10	13	7	6	0	0	11	5	6	4	0	0	5	4	8	6	0
Thermomyces	0	0	0	0	0	0	0	0	0	0	0	0	0	0	0	0	0	0	11	0	0	4	0	0	3	0	5	2	0	6	0	0	0	0	0	0	0	0	0	0	4	0	4	0	0	0	4	4	4	0	0	0	0	0	0	0	0	454	0	0	0	0	0	0	0	0	0	0	0	0
Piskurozyma	0	6	4	0	0	0	4	0	3	0	8	6	3	0	19	10	12	15	15	19	10	12	0	5	14	17	17	12	22	19	0	0	6	0	0	0	0	4	0	0	16	7	13	7	8	14	17	10	22	9	7	4	5	5	10	6	13	0	0	32	7	5	5	0	0	4	0	0	9	4
Malassezia	0	0	0	0	0	0	0	0	0	0	7	2	0	3	0	4	4	8	8	0	0	0	0	0	10	0	5	6	5	3	0	0	0	0	0	0	0	0	0	0	11	3	4	4	0	10	9	0	6	21	0	0	0	11	0	0	2	280	0	0	0	0	4	3	0	0	0	0	0	2
Trichosporon	0	0	0	0	0	0	0	0	0	0	0	0	0	0	0	0	0	0	0	0	0	0	0	0	0	0	0	0	0	0	0	0	0	0	0	0	0	0	0	0	0	0	0	0	3	0	0	0	0	0	0	0	0	0	0	0	2	395	0	0	0	0	0	0	0	0	0	0	0	0
Yamadamyces	0	2	0	0	0	4	0	0	5	0	12	14	0	0	7	15	18	5	4	22	12	12	0	0	17	9	12	12	0	24	0	0	4	0	0	0	0	0	0	0	6	6	10	12	9	11	0	19	3	11	0	5	7	5	8	3	6	0	5	0	9	7	5	0	6	0	8	5	4	5
Eremothecium	0	0	0	0	0	2	0	0	0	0	11	6	0	8	13	4	12	8	14	8	12	12	0	5	8	6	4	12	7	23	0	0	0	0	0	0	0	5	0	0	11	6	16	9	9	11	17	13	10	19	4	0	5	0	19	0	0	0	0	6	0	0	5	5	5	4	5	0	12	0
Hygrocybe	0	0	0	0	0	0	0	0	0	0	0	0	0	0	0	0	0	0	0	0	0	0	0	0	0	0	0	0	0	3	0	0	0	0	0	0	0	2	0	0	0	0	0	0	0	0	0	0	0	0	0	0	0	0	2	0	0	358	0	0	0	0	0	0	0	0	0	0	0	0
Zopfiella	0	0	3	0	0	0	0	0	0	0	0	3	0	0	0	2	0	0	5	0	0	7	4	0	5	3	0	2	0	0	0	0	0	0	0	0	0	0	0	0	0	0	0	0	0	2	0	0	0	0	0	0	0	0	0	0	0	326	0	0	0	0	0	0	0	0	0	0	0	0
Arachnopeziza	3	2	0	0	0	0	0	0	0	0	16	12	9	5	8	0	14	0	13	14	18	11	11	12	8	0	10	17	0	12	2	0	0	0	0	0	0	4	0	0	17	0	13	10	0	15	7	11	18	10	0	7	6	7	5	3	6	0	0	0	0	5	3	5	0	0	0	0	8	4
Moesziomyces	0	0	0	0	0	0	0	0	0	0	0	0	0	0	0	0	0	0	0	0	4	0	0	0	0	0	0	0	3	0	0	0	0	0	0	0	0	0	0	0	0	0	0	0	0	0	0	0	2	0	0	0	0	0	0	0	0	352	0	0	0	0	0	0	0	0	0	0	0	0
Remersonia	0	0	0	0	0	0	0	0	0	0	0	0	0	0	0	0	0	0	3	0	0	0	0	0	3	0	0	7	0	0	0	0	0	0	0	0	0	0	0	0	0	0	0	0	0	0	6	0	0	0	0	0	0	0	0	0	0	342	0	0	0	0	0	0	0	0	0	0	0	0
Trechispora	0	0	0	0	0	0	0	0	0	2	18	8	4	2	0	3	0	9	17	13	12	2	0	12	16	10	21	9	8	18	0	0	2	0	0	0	0	7	0	0	15	0	15	12	0	28	16	12	8	2	0	0	0	0	5	5	8	0	0	0	0	5	0	0	3	4	0	0	18	4
Tausonia	0	0	0	0	0	0	0	0	0	0	0	4	0	0	0	0	0	0	0	9	0	0	2	0	5	0	0	6	0	3	0	0	0	0	0	0	0	0	0	0	2	0	0	3	5	5	6	0	0	0	2	0	0	7	4	2	0	275	0	0	0	0	0	0	3	0	3	5	0	0
Pseudaegerita	0	0	0	0	0	0	0	0	10	0	11	10	16	9	13	25	24	13	0	0	13	0	11	17	13	9	8	11	8	0	0	0	6	0	0	0	0	0	0	0	0	0	3	0	0	10	16	18	10	10	0	0	5	7	0	6	10	0	0	5	11	0	0	0	5	0	0	0	0	0
Rhodotorula	0	0	4	0	0	0	0	0	2	0	9	11	0	0	0	5	11	9	11	24	9	7	11	4	0	9	5	10	11	4	5	0	0	3	0	2	0	5	0	0	9	5	10	6	0	12	6	10	10	12	0	3	5	6	10	0	4	0	0	3	3	0	3	3	0	4	8	0	8	28
Vishniacozyma	0	0	0	0	0	0	0	0	0	0	0	0	0	0	0	3	0	0	0	0	0	0	0	2	0	0	0	0	0	0	0	0	0	0	0	0	0	0	0	0	0	0	2	0	0	0	0	0	0	0	0	0	0	0	0	0	0	330	0	0	0	0	0	0	0	0	0	0	0	0
Calonectria	0	0	0	4	0	0	0	0	9	0	0	0	13	13	10	0	18	16	8	9	12	10	0	19	0	14	11	0	0	0	0	0	3	0	0	0	0	0	0	0	0	0	0	6	14	8	10	19	13	17	0	5	4	4	15	0	18	0	0	0	10	8	0	0	0	0	0	0	0	0
Ramichloridium	0	0	0	0	0	0	0	0	0	0	0	0	0	0	0	0	0	0	0	0	0	3	0	3	0	0	0	0	0	0	0	0	0	0	0	0	0	0	0	0	3	0	0	0	0	4	0	0	0	0	0	0	0	0	0	0	0	264	0	0	0	0	0	0	0	0	0	0	0	0
Beauveria	0	0	0	0	0	0	0	0	0	0	4	0	0	0	0	0	0	0	0	0	0	3	0	0	3	0	0	0	0	0	0	0	0	0	0	0	0	0	0	0	3	0	0	0	0	0	0	0	0	0	0	0	0	0	0	0	0	261	0	0	0	0	0	0	0	0	0	0	0	0
Kazachstania	0	0	0	0	0	0	0	0	0	0	0	0	0	0	0	0	0	0	0	0	0	0	0	0	0	0	0	0	0	0	0	0	0	0	0	0	0	0	0	0	0	0	0	0	0	0	0	0	0	0	0	0	0	0	0	0	0	273	0	0	0	0	0	0	0	0	0	0	0	0
Spumatoria	0	0	0	0	0	0	0	0	7	0	14	12	0	0	11	9	0	12	0	0	7	0	0	0	14	0	11	0	0	17	0	0	0	0	0	0	0	0	0	0	23	13	8	9	12	17	17	9	16	9	0	5	4	0	0	10	0	0	0	0	0	0	0	0	0	0	0	0	6	0
Microbotryozyma	0	0	0	0	0	0	0	0	0	0	0	0	0	0	0	0	0	0	0	0	0	0	0	0	0	0	0	0	0	0	0	0	0	0	0	0	0	0	0	0	0	0	0	0	0	0	0	0	0	0	0	0	0	0	0	0	0	258	0	0	0	0	0	0	0	0	0	0	0	0
Buckleyzyma	0	0	0	0	0	0	0	0	0	0	0	0	0	0	0	0	0	0	0	0	0	0	0	0	0	0	0	0	0	0	0	0	0	0	0	0	0	0	0	0	0	0	0	0	0	0	0	0	0	0	0	0	0	0	0	0	0	257	0	0	0	0	0	0	0	0	0	0	0	0
Leptodontidium	0	0	0	0	0	0	0	0	0	0	0	4	0	7	11	0	9	10	0	16	0	0	9	8	0	0	0	0	0	0	0	0	0	0	0	0	0	0	0	0	0	7	24	16	19	0	9	9	16	6	0	3	4	0	0	11	11	0	0	7	0	0	5	0	0	8	0	5	5	0
Naganishia	0	0	0	0	0	0	0	0	3	0	0	0	0	0	0	0	0	0	0	6	0	0	0	0	0	0	0	0	0	0	0	0	0	0	0	0	0	0	0	0	0	0	0	0	0	0	0	0	0	0	0	0	0	0	0	0	0	0	0	0	0	0	0	0	195	0	0	0	0	31
Xenomyrothecium	0	3	2	0	0	0	0	0	0	0	4	0	7	10	5	0	10	3	8	9	11	0	9	11	6	7	9	0	8	8	0	0	5	0	0	0	0	0	0	0	7	4	5	7	0	10	0	10	18	0	4	0	0	4	9	0	0	0	0	3	9	0	0	0	2	0	0	8	0	0
Plectosphaerella	0	0	0	0	0	3	0	0	0	0	0	0	0	0	0	2	6	0	0	0	0	2	10	11	7	0	0	4	0	0	0	0	0	0	0	0	0	0	0	0	0	0	0	0	0	7	6	0	0	3	0	0	0	0	0	0	0	158	0	0	0	0	0	2	0	0	0	0	0	6
Ogataea	0	0	0	0	0	0	0	0	0	0	0	0	0	0	0	0	0	0	0	0	0	0	0	0	0	0	0	0	0	0	0	0	0	0	0	0	0	0	0	0	0	0	0	0	0	0	0	0	0	0	0	0	0	0	0	0	0	225	0	0	0	0	0	0	0	0	0	0	0	0
Debaryomyces	0	0	0	0	0	0	0	0	0	0	0	0	0	0	0	0	0	0	0	0	0	0	0	0	0	0	0	0	4	7	0	0	0	0	0	0	0	0	0	0	6	0	0	0	0	0	5	0	4	0	0	0	0	0	0	3	0	191	0	0	0	0	0	0	0	0	0	0	0	0
Fulvoflamma	0	3	0	0	0	0	0	0	4	0	5	0	5	3	0	9	10	10	9	10	10	6	4	5	0	6	6	5	8	0	0	0	0	0	0	0	0	4	0	0	3	0	5	5	5	4	9	2	4	7	0	2	0	3	0	0	7	0	2	4	0	0	2	2	3	3	0	4	4	2
Rachicladosporium	0	2	3	0	0	4	0	0	0	0	11	0	5	3	4	0	0	5	9	8	3	10	0	0	7	0	9	6	6	0	0	2	0	0	0	0	0	5	0	0	8	0	10	0	0	7	8	2	7	8	0	0	4	0	7	0	2	0	4	0	2	6	8	7	0	3	0	7	0	0
Mycosphaerella	0	0	0	0	0	0	0	0	0	0	8	0	0	0	0	5	8	0	0	0	0	3	0	12	6	0	4	0	0	8	25	0	9	7	0	0	0	13	0	3	0	0	6	6	0	0	6	0	8	8	8	0	5	0	8	0	8	0	0	0	5	5	0	0	0	0	6	0	0	3
Hyphoderma	0	0	0	0	0	0	0	0	0	0	0	0	0	0	0	0	0	0	0	0	0	0	0	0	0	0	0	0	0	0	0	0	0	0	0	0	0	0	0	0	0	0	0	0	0	0	0	0	0	0	0	0	0	0	0	0	0	187	0	0	0	0	0	0	0	0	0	0	0	0
Lophiostoma	0	0	0	0	0	0	0	0	0	0	2	11	3	0	5	0	0	0	5	0	13	10	0	4	0	4	7	11	4	11	0	0	0	0	0	2	0	0	0	0	5	0	8	3	0	0	17	6	18	13	4	2	0	5	0	0	0	0	0	4	7	0	0	0	0	3	0	0	0	0
Monascus	0	0	0	0	0	0	0	0	0	0	0	0	0	0	0	0	0	0	174	0	0	0	0	0	0	3	0	0	0	0	0	0	0	0	0	0	0	0	0	0	3	0	0	0	0	0	0	0	4	0	0	0	0	0	0	0	0	0	0	0	0	0	0	0	0	0	0	0	0	0
Schizophyllum	0	0	0	0	0	2	4	0	0	11	8	4	0	0	6	4	5	4	10	16	8	5	0	6	0	2	2	0	6	5	0	0	0	0	0	0	0	0	0	0	8	0	3	6	8	6	0	5	4	6	0	0	0	0	0	0	0	0	0	0	7	3	2	0	0	0	5	0	8	0
Parengyodontium	0	0	0	0	0	0	0	0	4	0	0	5	0	0	3	10	0	6	13	0	5	16	0	12	9	5	0	11	5	0	0	0	0	0	0	2	0	0	0	0	6	0	0	0	4	10	6	5	6	0	3	4	0	5	3	0	4	0	0	4	0	0	0	0	0	2	3	4	3	0
Paraglomus	0	0	0	0	0	0	0	0	0	0	0	0	0	0	0	0	0	0	0	0	0	0	0	0	0	0	0	0	0	0	0	0	0	0	0	0	0	0	0	0	0	0	0	0	0	0	0	0	0	0	0	0	0	0	0	0	0	173	0	0	0	0	0	0	0	0	0	0	0	0
Humicola	5	0	0	0	0	0	0	0	0	0	0	0	0	0	0	0	0	0	0	0	0	0	0	0	0	0	0	0	0	0	0	0	0	0	0	0	0	0	0	0	0	0	9	0	0	0	0	0	0	0	0	0	0	0	0	0	0	158	0	0	0	0	0	0	0	0	0	0	0	0
Botryotrichum	8	0	0	0	0	0	0	0	0	0	0	0	5	6	0	12	0	0	0	0	13	11	12	0	11	0	11	0	7	6	12	0	0	0	0	0	0	12	0	0	8	0	6	0	0	0	6	5	5	0	0	0	8	0	0	0	0	0	0	0	0	0	0	0	0	0	0	0	5	0
Coprinellus	0	0	0	0	0	0	0	0	0	0	0	0	0	0	0	0	0	0	0	0	0	0	0	0	0	0	0	0	0	0	0	0	0	0	0	0	0	0	0	0	0	0	0	0	0	0	3	0	0	0	0	0	0	0	0	0	0	154	0	0	0	0	0	0	0	0	0	0	0	0
Sclerotinia	0	0	0	0	0	0	0	0	0	0	0	0	0	0	0	0	0	0	0	0	0	0	0	0	0	0	0	0	0	0	0	0	0	0	0	0	0	0	0	0	0	0	0	0	0	0	0	0	0	0	0	0	0	0	0	0	0	149	0	0	0	0	0	0	0	0	0	0	0	0
Arthrinium	0	0	0	0	0	0	0	0	0	2	3	3	0	0	7	0	0	2	5	12	0	0	0	4	8	0	0	8	7	7	0	0	0	0	0	0	0	0	0	0	0	2	3	10	3	10	6	8	22	0	3	2	0	0	0	0	0	0	0	0	4	0	0	0	0	0	0	4	0	0
Paraphaeosphaeria	0	0	0	0	0	0	0	0	0	0	5	0	0	5	0	7	0	11	11	5	0	0	2	0	8	8	6	0	9	0	4	0	0	0	0	0	0	2	0	0	0	2	0	7	0	0	4	0	0	3	0	0	9	3	5	5	9	0	0	0	0	4	5	2	0	0	3	0	0	0
Phialea	0	0	0	0	0	0	0	0	0	0	0	0	0	13	0	0	0	0	0	0	0	0	0	20	0	0	0	11	12	0	6	0	0	0	0	0	0	0	0	0	0	8	0	7	11	0	0	18	0	0	0	0	0	0	0	0	7	0	0	0	13	7	0	0	0	4	0	0	0	0
Filobasidium	0	0	0	0	0	0	0	0	0	0	0	0	0	0	0	0	0	2	0	0	0	2	0	0	2	0	0	0	0	0	0	0	0	0	0	0	0	0	0	0	0	0	0	0	0	3	0	0	0	0	0	0	0	0	0	0	0	109	0	0	0	0	2	0	0	0	0	0	0	0
Saccharomycopsis	0	0	0	0	0	0	0	0	0	0	0	0	0	0	0	0	0	0	5	0	0	0	0	0	0	0	0	0	0	0	0	0	0	0	0	0	0	0	0	0	0	0	0	0	0	0	0	0	0	0	0	0	0	0	0	0	0	114	0	0	0	0	0	0	0	0	0	0	0	0
Byssochlamys	0	0	0	0	0	26	0	0	0	0	0	0	0	0	0	0	0	0	65	0	0	0	0	0	0	0	0	0	5	0	0	0	0	0	0	0	0	0	0	0	0	0	7	0	0	0	0	0	10	2	0	0	0	0	0	0	0	0	0	0	0	0	0	0	0	0	0	0	0	0
Schizothecium	0	7	11	0	0	0	7	0	9	0	0	0	0	7	0	5	0	0	0	0	0	0	0	0	3	0	0	0	0	0	28	0	0	0	0	0	0	20	12	0	0	0	0	0	3	0	0	0	0	0	0	0	0	0	0	0	0	0	0	0	2	0	0	0	0	0	0	0	0	0
Septoria	5	0	6	0	0	2	0	0	0	0	3	0	3	4	6	2	6	0	0	0	8	5	0	3	0	0	5	5	0	0	7	0	3	0	0	0	0	2	0	0	0	0	0	0	8	0	3	5	4	8	0	0	0	0	0	0	6	0	0	0	0	0	2	0	0	0	0	0	0	0
Proliferodiscus	0	0	0	0	0	0	0	0	0	0	5	0	0	2	0	8	5	2	3	0	0	3	13	0	18	0	4	12	0	4	0	0	0	0	0	0	0	0	0	0	0	0	0	0	0	3	0	0	4	6	0	0	3	0	0	0	4	0	3	0	0	0	0	0	5	0	0	0	0	0
Aureobasidium	0	3	0	0	0	0	0	2	0	0	4	0	0	0	0	0	5	0	0	6	0	9	4	7	0	0	0	0	5	4	0	0	0	0	0	0	0	0	0	0	0	0	5	0	3	0	10	9	0	8	0	0	0	3	0	0	0	10	0	0	0	0	0	0	0	0	0	0	8	0
Cordyceps	0	0	0	0	0	0	0	0	0	0	9	0	0	0	5	3	0	0	7	0	6	0	3	7	6	4	3	0	4	0	0	0	0	0	0	0	0	5	0	0	0	0	2	0	8	8	2	4	7	4	0	0	2	0	0	0	0	0	0	0	0	0	0	0	0	0	0	0	4	0
Staphylotrichum	0	0	0	0	0	0	0	0	4	0	0	0	0	0	0	0	0	4	0	0	6	4	0	0	0	0	4	5	5	0	17	0	0	11	0	0	0	16	0	0	0	0	0	0	9	0	0	6	0	0	0	0	0	0	0	0	0	0	0	0	0	0	0	0	0	0	0	0	0	0
Myxocephala	0	0	0	0	0	0	0	0	0	0	5	4	0	0	0	0	8	0	6	6	5	0	3	0	4	0	0	0	4	2	3	0	0	0	0	0	0	0	0	0	0	0	4	0	4	0	6	5	2	2	5	0	0	3	0	3	0	0	0	0	0	0	0	0	3	0	0	0	0	2
Ganoderma	0	0	0	0	0	0	0	0	0	0	0	0	0	0	2	4	0	0	7	0	0	0	0	0	0	2	7	11	0	3	0	0	0	0	0	0	0	0	0	0	0	0	0	6	0	5	5	0	10	7	0	0	4	0	0	0	6	0	0	0	0	0	0	0	0	0	0	0	2	0
Phenoliferia	0	0	0	0	0	0	0	0	0	0	0	2	0	3	0	0	4	2	6	0	0	0	0	4	3	0	0	0	0	5	0	0	0	0	0	0	0	0	0	0	4	0	0	0	10	0	5	11	10	7	0	3	0	0	0	0	0	0	0	0	0	0	0	0	0	0	0	0	0	0
Polyscytalum	0	0	0	0	0	0	0	0	4	0	0	0	3	0	0	4	6	0	4	0	0	0	4	0	0	0	6	0	4	0	0	0	0	2	0	0	0	0	0	0	8	0	3	4	5	4	7	0	0	0	0	0	0	0	0	0	8	0	0	0	0	0	0	0	0	0	0	0	2	0
Mycochlamys	0	0	0	0	0	0	0	0	3	0	0	0	0	2	8	0	4	2	0	0	5	0	0	5	0	0	4	0	0	0	0	0	0	0	0	0	0	0	0	0	3	2	8	4	6	8	0	0	2	0	0	0	0	0	0	0	0	0	0	0	5	0	0	0	0	2	0	0	3	0
Kernia	0	0	0	0	0	0	0	0	0	0	0	0	0	0	0	0	0	0	0	0	0	0	0	0	0	2	0	0	4	0	2	0	0	0	0	0	0	0	0	0	0	0	14	0	0	0	0	0	0	0	0	0	0	0	0	0	0	53	0	0	0	0	0	0	0	0	0	0	0	0
Purpureocillium	0	0	0	0	0	0	0	0	0	0	0	0	3	0	0	0	8	4	0	9	0	0	0	9	0	0	0	0	0	6	0	0	0	0	0	0	2	0	0	0	0	6	0	0	0	0	6	4	0	0	0	2	0	0	0	0	0	0	0	0	3	4	4	3	0	0	0	2	0	0
Volutella	0	0	0	0	0	0	0	0	0	0	5	2	0	3	0	0	0	5	0	0	5	0	4	2	0	5	5	0	0	0	3	0	0	0	0	0	0	0	0	0	4	0	3	4	2	4	0	0	3	6	0	0	0	4	0	0	0	0	0	0	0	0	0	0	0	0	0	0	0	0
Mycothermus	0	0	0	0	0	0	0	0	0	0	10	0	0	0	0	0	0	5	6	0	0	2	0	3	6	0	5	0	0	4	0	0	0	0	0	0	0	0	0	0	0	3	10	2	0	0	0	0	0	0	0	0	3	0	0	0	0	0	0	4	0	0	0	0	5	0	0	0	0	0
Cercophora	0	0	0	0	0	0	0	0	0	0	0	0	0	0	2	0	0	0	0	0	0	0	0	0	3	0	0	0	0	0	0	0	0	0	0	0	0	0	0	0	0	0	0	0	0	0	0	0	0	0	0	0	0	0	0	0	0	59	0	0	0	0	0	0	0	0	0	0	3	0
Hyaloscypha	0	0	0	0	0	0	0	0	0	0	0	0	3	3	6	3	0	8	0	0	2	0	4	0	2	0	4	8	0	0	0	0	0	0	0	0	0	0	0	0	4	0	0	0	0	0	0	0	2	0	0	0	0	0	0	0	8	0	0	0	0	0	0	0	4	0	0	3	0	0
Rhizodermea	0	0	3	0	0	0	0	0	0	0	0	5	6	0	0	4	7	4	0	5	0	0	11	8	0	0	0	0	0	4	0	0	0	0	0	0	0	0	0	0	0	0	0	0	0	0	0	0	0	4	0	0	0	0	0	0	0	0	0	0	0	0	0	0	0	0	0	3	0	0
Periconia	0	0	0	0	0	0	0	0	0	0	0	0	0	0	0	0	3	2	4	0	0	7	0	0	8	0	0	0	0	3	0	0	0	0	0	0	0	0	0	0	3	3	0	7	3	3	0	0	0	3	0	0	0	6	0	0	0	0	0	0	0	0	0	0	0	0	0	0	3	2
Cystobasidiopsis	0	0	0	0	0	0	0	0	0	0	0	0	0	0	0	0	0	0	0	0	0	0	0	0	0	0	0	0	0	0	0	0	0	0	0	0	0	0	0	0	0	0	0	0	0	0	0	0	0	0	0	0	0	0	0	0	0	0	0	58	0	0	0	0	0	0	0	0	0	0
Scedosporium	0	0	0	0	0	0	0	0	0	0	0	0	3	3	0	0	6	0	3	4	0	0	0	5	0	0	0	0	0	0	0	0	0	0	0	0	0	0	0	0	4	0	7	7	0	5	0	0	3	5	0	0	0	0	0	0	0	0	0	0	0	0	0	0	0	0	0	0	2	0
Phomatospora	0	0	0	0	0	0	0	0	0	0	0	0	0	0	0	0	0	0	0	0	0	0	0	0	0	0	0	0	0	0	0	0	0	0	0	0	0	0	0	0	5	0	0	0	0	0	0	4	0	0	0	0	0	0	0	0	0	46	0	0	0	0	0	0	0	0	0	0	0	0
Gliocephalotrichum	0	0	0	0	0	0	0	0	0	0	0	0	0	0	10	13	0	0	0	6	4	6	0	0	0	3	0	0	0	0	0	0	0	0	0	0	0	0	0	0	0	0	0	0	0	0	0	0	5	2	0	0	0	0	0	0	0	0	0	0	2	0	0	3	0	0	0	0	0	0
Podospora	5	6	4	0	4	0	0	0	0	0	0	0	0	2	0	4	0	0	0	0	0	0	0	0	0	2	0	2	0	0	9	0	3	0	0	0	0	9	0	0	0	0	0	0	0	0	0	0	0	0	0	0	0	0	0	0	0	0	0	0	0	0	0	0	0	0	2	0	0	0
Kondoa	0	0	0	0	0	0	0	0	0	0	0	0	0	0	0	0	0	0	0	4	0	0	0	0	0	0	0	0	0	0	0	0	0	0	0	0	0	0	0	0	0	0	0	0	0	0	0	0	0	0	0	0	0	0	0	0	0	47	0	0	0	0	0	0	0	0	0	0	0	0
Simplicillium	0	0	0	0	0	0	0	0	0	0	0	0	0	0	0	4	0	0	0	0	2	0	4	0	0	3	0	0	4	0	0	0	0	0	0	0	0	0	0	0	3	0	0	0	4	0	0	8	4	0	0	0	0	4	0	0	2	0	0	0	2	0	4	0	0	0	0	0	0	0
Terramyces	0	0	0	0	0	0	0	0	0	0	0	0	0	5	4	4	4	3	0	0	0	2	0	0	0	0	0	5	0	0	0	0	0	0	0	0	0	3	0	0	0	0	0	2	0	0	4	0	5	3	0	0	0	2	0	0	0	0	0	0	0	0	0	0	0	0	0	0	0	0
Rossbeevera	0	0	0	0	0	0	0	0	0	0	6	0	0	3	2	0	6	4	3	5	4	0	2	2	3	0	2	0	0	3	0	0	0	0	0	0	0	0	0	0	0	0	0	0	0	0	0	0	0	0	0	0	0	0	0	0	0	0	0	0	0	0	0	0	0	0	0	0	0	0
Oberwinklerozyma	0	0	0	0	0	0	0	0	0	0	6	0	0	0	0	0	0	0	9	6	0	0	0	0	4	0	0	0	0	4	0	0	0	0	0	0	0	0	0	0	2	0	0	0	0	0	0	0	0	0	0	0	0	0	2	4	0	0	0	0	3	0	0	0	0	0	0	0	4	0
Elaphomyces	0	0	0	0	0	0	0	0	0	0	0	0	0	0	0	0	3	0	0	4	0	4	2	0	3	2	0	0	3	0	0	0	0	0	0	0	0	0	0	0	8	0	2	6	0	0	3	0	0	0	0	0	0	0	0	0	0	0	0	0	0	0	0	0	0	0	0	0	2	0
Saccharomyces	0	0	0	0	0	0	0	0	0	0	0	0	0	0	0	0	0	0	0	0	0	0	0	0	0	0	0	0	0	0	0	0	0	0	0	0	0	0	0	0	0	0	0	0	0	0	0	0	0	0	0	0	0	0	0	0	0	41	0	0	0	0	0	0	0	0	0	0	0	0
Corynascella	0	0	0	0	0	0	0	0	0	0	0	0	0	0	0	0	0	9	0	0	0	0	0	0	0	0	0	0	0	0	0	0	0	0	0	0	0	0	0	0	0	0	0	0	0	0	0	0	0	0	0	0	0	0	0	0	0	0	0	0	0	0	0	0	0	0	31	0	0	0
Acrodontium	0	0	0	0	0	0	4	0	0	0	0	0	2	0	0	0	0	0	2	0	0	3	0	0	2	0	0	3	0	0	5	0	0	0	0	0	0	0	0	0	3	0	0	0	0	3	0	0	5	0	0	2	0	0	0	0	5	0	0	0	0	0	0	0	0	0	0	0	0	0
Fusicolla	0	0	0	0	0	0	0	0	0	0	0	0	0	0	0	0	10	0	0	0	0	0	0	6	0	0	0	0	0	0	0	0	0	0	0	0	0	7	0	0	0	0	0	0	0	0	8	8	0	0	0	0	0	0	0	0	0	0	0	0	0	0	0	0	0	0	0	0	0	0
Roussoella	0	0	0	0	0	0	0	0	0	0	3	0	0	3	0	3	0	0	5	0	3	0	0	6	3	0	2	0	3	0	0	0	0	0	0	0	0	0	0	0	0	0	0	0	0	0	0	0	0	0	0	0	0	2	0	0	0	0	0	0	0	0	0	0	0	0	0	0	4	0
Fusidium	0	0	0	0	0	0	0	0	0	0	0	0	0	0	0	0	2	0	0	0	0	0	0	0	0	2	0	0	2	3	0	0	0	0	0	0	0	0	0	0	0	4	0	5	0	2	0	3	0	5	0	0	0	0	0	0	4	0	0	0	0	0	0	0	0	0	4	0	0	0
Teichospora	0	0	0	0	0	0	2	0	0	0	2	0	0	0	0	2	0	6	0	0	0	0	0	0	0	0	3	2	0	0	0	0	0	0	0	0	0	0	0	0	0	0	0	0	0	0	4	0	0	0	3	0	2	0	0	0	0	0	0	0	0	0	6	0	0	0	3	0	0	0
Apodus	0	2	0	0	3	0	0	0	8	0	0	0	0	0	0	0	0	0	0	0	0	0	0	0	0	0	0	0	0	0	6	3	0	0	0	0	2	3	7	0	0	0	0	0	0	0	0	0	0	0	0	0	0	0	0	0	0	0	0	0	0	0	0	0	0	0	0	0	0	0
Blumeria	0	0	0	0	0	0	0	0	0	0	0	0	0	0	0	0	0	0	0	0	0	5	0	0	0	0	0	0	3	2	0	0	0	0	0	0	0	0	0	0	6	0	3	0	0	6	0	2	0	0	0	0	0	0	0	0	0	0	0	0	0	3	0	0	0	0	0	3	0	0
Basidiobolus	0	0	0	0	0	0	0	0	3	0	0	0	0	0	0	0	0	0	3	0	0	4	0	5	0	0	0	0	0	3	0	0	0	0	0	0	0	0	0	0	0	3	3	0	0	0	2	0	2	0	0	0	0	0	0	0	0	0	0	0	0	0	2	0	0	0	0	2	0	0
Chlorocillium	0	0	0	0	0	0	0	0	0	0	0	0	0	0	0	0	0	11	0	0	0	0	0	0	0	0	0	0	4	0	0	0	0	0	0	0	0	0	0	0	0	0	0	7	0	0	0	0	2	4	0	0	0	0	0	0	0	0	0	0	2	0	0	0	0	0	0	0	2	0
Dictyochaeta	0	3	0	0	0	0	0	0	0	0	0	0	0	9	0	0	4	0	0	0	0	0	0	6	0	0	3	2	0	0	0	0	0	0	0	0	0	0	0	0	0	0	0	0	0	0	0	3	0	0	0	2	0	0	0	0	0	0	0	0	0	0	0	0	0	0	0	0	0	0
Ochroconis	0	0	0	0	0	0	0	0	0	0	2	0	0	0	0	0	5	0	0	0	0	0	0	0	0	0	2	0	0	3	0	0	0	0	0	0	0	0	0	0	0	0	0	3	0	2	2	7	0	3	0	0	0	0	0	0	0	0	0	0	0	0	0	0	0	0	0	0	3	0
Myriodontium	0	0	0	0	0	0	0	0	0	0	0	0	2	0	0	0	6	0	0	7	4	0	0	2	0	0	0	4	0	0	0	0	0	0	0	0	0	0	0	0	0	0	0	0	0	0	0	0	4	0	0	0	0	2	0	0	0	0	0	0	0	0	0	0	0	0	0	0	0	0
Myrmecridium	0	0	0	0	0	0	0	0	0	0	0	0	0	0	0	0	3	2	0	0	0	0	0	7	3	0	3	0	0	0	2	0	0	0	0	0	0	0	0	0	0	0	0	0	0	0	4	0	3	0	0	0	0	0	0	0	0	0	0	0	4	0	0	0	0	0	0	0	0	0
Ceratobasidium	0	0	0	0	0	0	2	0	0	0	0	0	0	0	0	0	0	0	3	0	0	3	0	0	0	3	0	3	0	4	0	0	0	0	0	0	0	0	0	0	2	0	0	0	0	3	4	0	0	0	0	0	0	0	0	0	0	0	0	0	0	0	0	0	0	0	0	0	0	0
Bionectria	0	0	0	0	0	0	0	0	0	0	0	0	0	0	0	0	0	15	0	0	0	0	4	0	0	0	0	0	0	0	0	0	0	0	0	0	0	0	0	0	0	0	0	0	0	0	0	0	0	0	0	0	0	0	0	0	0	0	0	0	4	0	3	0	0	0	0	0	0	0
Hawksworthiomyces	0	0	0	0	0	0	0	0	0	0	0	0	0	3	0	0	2	2	0	0	2	0	0	0	5	0	0	0	0	0	0	0	0	0	0	0	0	0	0	0	3	3	0	0	0	0	0	0	0	2	0	0	0	0	0	0	0	0	0	0	0	0	0	0	0	0	0	0	0	3
Leptoxyphium	0	0	0	0	0	0	0	0	0	0	0	0	0	0	0	0	0	0	2	0	0	0	0	0	0	0	6	0	0	6	0	0	0	0	0	0	0	0	0	0	0	0	0	0	0	0	4	0	2	0	2	0	0	0	0	0	0	0	0	0	0	0	0	0	0	0	0	0	3	0
Stolonocarpus	0	2	0	0	0	0	0	0	7	0	0	0	0	0	0	5	0	3	0	0	0	0	0	0	0	3	5	0	0	0	0	0	0	0	0	0	0	0	0	0	0	0	0	0	0	0	0	0	0	0	0	0	0	0	0	0	0	0	0	0	0	0	0	0	0	0	0	0	0	0
Antennariella	0	0	0	0	0	0	0	0	0	0	0	0	0	0	0	0	0	3	0	0	0	0	0	0	0	3	0	0	5	0	0	0	0	0	0	0	0	0	0	0	4	0	0	2	3	4	0	0	0	0	0	0	0	0	0	0	0	0	0	0	0	0	0	0	0	0	0	0	0	0
Xylolentia	0	0	0	0	0	0	0	0	0	0	0	0	0	0	0	0	0	0	2	5	0	3	0	0	0	0	0	0	0	5	0	0	0	0	0	0	0	0	0	0	2	2	0	0	3	0	0	0	0	0	0	0	0	0	0	0	0	0	0	0	0	0	0	0	2	0	0	0	0	0
Pseudodactylaria	0	0	0	0	0	0	0	0	0	0	2	0	0	0	0	0	0	0	5	0	0	0	0	2	0	0	3	0	0	0	0	0	0	0	0	0	0	0	0	0	0	0	2	5	0	0	0	0	0	0	0	0	0	0	2	0	0	0	0	0	0	0	0	2	0	0	0	0	0	0
Rasamsonia	0	0	0	0	0	0	0	0	0	0	0	0	0	0	0	0	0	7	16	0	0	0	0	0	0	0	0	0	0	0	0	0	0	0	0	0	0	0	0	0	0	0	0	0	0	0	0	0	0	0	0	0	0	0	0	0	0	0	0	0	0	0	0	0	0	0	0	0	0	0
Sphaerostilbella	0	0	0	0	0	0	0	0	0	0	0	3	0	0	6	2	0	0	0	0	0	0	2	0	0	0	0	0	0	0	0	0	0	0	0	0	0	0	0	0	0	0	0	0	0	0	5	5	0	0	0	0	0	0	0	0	0	0	0	0	0	0	0	0	0	0	0	0	0	0
Suillus	0	0	0	0	0	0	0	0	0	0	0	0	0	0	0	0	0	0	0	4	0	0	0	0	0	0	0	0	0	0	0	0	0	0	0	0	0	0	0	0	0	0	11	4	0	4	0	0	0	0	0	0	0	0	0	0	0	0	0	0	0	0	0	0	0	0	0	0	0	0
Devriesia	0	0	0	0	0	0	0	0	0	0	0	0	4	0	0	0	2	0	6	0	0	6	0	0	0	0	0	0	0	0	0	0	0	0	0	0	0	0	0	0	0	0	0	4	0	0	0	0	0	0	0	0	0	0	0	0	0	0	0	0	0	0	0	0	0	0	0	0	0	0
Phialemoniopsis	0	0	0	0	0	0	0	0	0	0	0	0	3	0	0	0	0	0	0	0	0	0	0	0	0	0	5	0	0	0	0	0	0	2	0	0	0	0	0	0	0	4	0	0	0	0	2	0	0	0	0	0	0	0	0	0	3	0	0	0	0	0	3	0	0	0	0	0	0	0
Zasmidium	0	0	0	0	0	0	0	0	0	0	0	0	0	0	2	0	3	0	0	0	0	0	0	0	0	0	0	3	0	0	0	0	0	0	0	0	0	0	0	0	0	0	0	0	2	0	0	0	0	0	0	0	0	0	0	0	0	0	0	0	0	0	0	0	12	0	0	0	0	0
Acremoniopsis	0	0	0	0	0	0	0	0	0	0	0	0	0	0	0	0	0	0	0	2	5	0	0	0	0	0	0	0	0	3	0	0	0	0	0	0	0	0	0	0	0	0	0	0	0	0	0	0	0	3	0	0	0	0	0	0	4	0	0	0	0	0	0	0	3	0	0	0	0	0
Melanocarpus	0	0	0	0	0	0	0	0	0	0	0	0	0	0	3	0	0	0	0	0	0	0	0	2	0	0	0	7	0	0	0	0	0	0	0	0	0	0	0	0	0	0	7	0	0	0	0	0	0	0	0	0	0	0	0	0	0	0	0	0	0	0	0	0	0	0	0	0	0	0
Pezicula	0	0	0	0	0	0	0	0	0	0	0	0	0	0	0	0	0	0	0	4	0	0	0	0	2	0	0	5	0	0	0	0	0	0	0	0	0	0	0	0	0	0	0	0	0	0	0	0	4	0	0	0	0	0	0	0	0	0	0	0	0	0	0	0	0	0	4	0	0	0
Polylobatispora	0	0	0	0	0	0	0	0	0	0	0	0	0	0	0	0	0	0	0	0	0	0	0	0	0	0	0	0	4	0	0	0	0	0	0	0	0	0	0	0	0	0	0	0	2	0	0	0	9	0	0	0	0	0	0	0	2	0	0	0	0	2	0	0	0	0	0	0	0	0
Coniochaeta	0	2	0	0	0	0	0	0	0	0	0	0	0	0	0	0	7	0	0	2	0	0	0	0	2	0	0	0	0	0	0	0	0	0	0	0	0	0	2	0	0	0	0	0	0	0	0	0	0	2	0	0	0	0	0	0	0	0	0	0	0	0	0	0	0	0	0	0	0	0
Hypomyces	0	0	0	0	0	0	0	0	0	0	0	0	0	0	0	3	0	0	0	3	0	0	0	0	0	0	0	0	0	5	0	0	0	0	0	0	0	0	0	0	0	0	0	0	0	0	0	0	0	0	3	0	0	0	0	0	0	0	0	0	0	0	0	0	0	0	0	0	3	0
Phaeocollybia	0	0	0	0	0	0	0	0	0	0	0	2	0	2	0	0	0	0	0	0	0	0	0	0	3	0	0	2	0	0	0	0	0	0	0	0	0	0	0	0	0	0	0	0	0	0	0	0	3	0	0	0	0	0	5	0	0	0	0	0	0	0	0	0	0	0	0	0	0	0
Preussia	0	3	0	0	0	0	0	0	3	0	2	0	0	0	0	0	0	0	0	0	0	0	0	0	0	0	0	2	0	0	3	0	0	0	0	0	0	4	0	0	0	0	0	0	0	0	0	0	0	0	0	0	0	0	0	0	0	0	0	0	0	0	0	0	0	0	0	0	0	0
Alfaria	0	2	0	0	0	0	0	0	0	0	0	0	0	0	0	4	0	0	0	0	0	0	0	0	0	0	2	0	0	2	0	0	0	0	0	0	0	0	0	0	0	0	0	0	0	0	6	0	0	0	0	0	0	0	0	0	0	0	0	0	0	0	0	0	0	0	0	0	0	0
Spencermartinsiella	0	0	0	0	0	0	0	0	0	0	0	0	0	4	0	0	0	0	0	0	0	0	0	0	0	0	0	0	0	0	0	0	0	0	0	0	0	0	0	0	0	0	2	0	0	4	0	0	3	3	0	0	0	0	0	0	0	0	0	0	0	0	0	0	0	0	0	0	0	0
Spizellomyces	0	0	3	0	0	0	0	0	0	0	0	0	0	0	0	0	0	0	0	0	0	0	0	0	0	0	4	0	0	0	0	0	0	0	0	0	0	0	0	0	0	0	0	0	0	2	3	0	0	0	0	0	0	0	0	0	2	0	2	0	0	0	0	0	0	0	0	0	0	0
Strelitziana	0	0	0	0	0	0	0	0	0	0	5	0	0	0	0	0	0	0	0	0	0	0	0	0	0	0	0	0	0	0	0	0	0	0	0	0	0	0	0	0	0	0	0	0	0	3	4	0	4	0	0	0	0	0	0	0	0	0	0	0	0	0	0	0	0	0	0	0	0	0
Striaticonidium	0	0	0	0	0	0	0	0	0	0	0	0	0	0	0	4	0	0	0	0	3	0	0	0	0	0	0	0	6	0	0	0	0	0	0	0	0	0	0	0	0	0	0	0	0	0	0	3	0	0	0	0	0	0	0	0	0	0	0	0	0	0	0	0	0	0	0	0	0	0
Beltrania	0	0	0	0	0	0	0	0	0	0	0	0	0	0	3	0	0	6	0	0	0	6	0	0	0	0	0	0	0	0	0	0	0	0	0	0	0	0	0	0	0	0	0	0	0	0	0	0	0	0	0	0	0	0	0	0	0	0	0	0	0	0	0	0	0	0	0	0	0	0
Cytospora	0	0	0	0	0	0	0	0	0	0	0	0	0	0	2	0	0	3	4	0	0	0	0	0	0	0	0	0	0	0	0	0	0	0	0	0	0	0	0	0	0	0	0	0	0	0	0	0	2	0	0	0	0	2	0	0	0	0	0	0	0	0	0	0	0	0	0	0	2	0
Hansfordia	0	0	0	0	0	0	0	0	0	0	0	0	2	0	0	0	0	0	0	0	0	0	0	0	3	0	0	0	0	0	0	0	0	0	0	0	0	0	0	0	0	0	0	0	0	0	0	0	5	0	0	0	2	0	3	0	0	0	0	0	0	0	0	0	0	0	0	0	0	0
Paraconiothyrium	0	0	0	0	0	0	0	0	0	0	0	0	0	0	0	0	0	0	0	0	0	0	0	2	0	0	0	2	3	0	0	0	0	0	0	0	0	0	0	0	0	0	0	0	0	0	4	0	4	0	0	0	0	0	0	0	0	0	0	0	0	0	0	0	0	0	0	0	0	0
Pseudopithomyces	0	0	0	0	0	0	0	0	0	0	2	0	0	0	0	0	0	0	0	3	0	0	0	0	0	0	0	0	0	5	0	0	0	0	0	0	0	0	0	0	0	0	0	0	0	0	0	3	0	2	0	0	0	0	0	0	0	0	0	0	0	0	0	0	0	0	0	0	0	0
Tricholomopsis	0	0	0	0	0	0	0	0	0	0	0	3	0	0	0	0	0	0	0	0	0	0	0	0	4	0	0	0	0	5	0	0	0	0	0	0	0	0	0	0	0	0	0	0	0	0	3	0	0	0	0	0	0	0	0	0	0	0	0	0	0	0	0	0	0	0	0	0	0	0
Setophoma	0	0	0	0	0	0	0	0	0	0	0	0	0	0	2	3	0	0	0	0	0	0	3	0	0	0	2	0	0	2	0	0	0	0	0	0	0	0	0	0	0	0	0	0	2	0	0	0	0	0	0	0	0	0	0	0	0	0	0	0	0	0	0	0	0	0	0	0	0	0
Thelonectria	0	0	0	0	0	0	0	0	0	0	0	0	0	0	0	0	0	4	0	0	0	0	0	2	0	0	6	0	0	0	0	0	0	0	0	0	2	0	0	0	0	0	0	0	0	0	0	0	0	0	0	0	0	0	0	0	0	0	0	0	0	0	0	0	0	0	0	0	0	0
Trichomerium	0	0	0	0	0	0	0	0	0	0	0	0	0	0	0	0	0	0	4	0	0	0	0	0	3	0	0	0	0	3	0	0	0	0	0	0	0	0	0	0	0	0	0	2	0	0	0	0	2	0	0	0	0	0	0	0	0	0	0	0	0	0	0	0	0	0	0	0	0	0
Krasilnikovozyma	0	0	2	0	0	0	0	0	0	0	0	0	0	2	0	0	0	4	0	0	0	0	0	0	0	0	0	0	0	0	0	0	0	0	0	0	0	0	0	0	0	0	0	0	0	0	5	0	0	0	0	0	0	0	0	0	0	0	0	0	0	0	0	0	0	0	0	0	0	0
Peniophora	0	0	0	0	0	0	0	0	0	0	0	0	0	0	0	0	0	0	0	0	0	0	0	0	0	0	0	0	5	0	0	0	0	0	0	0	0	0	0	0	3	0	0	5	0	0	0	0	0	0	0	0	0	0	0	0	0	0	0	0	0	0	0	0	0	0	0	0	0	0
Peroneutypa	0	0	0	0	0	0	0	0	0	0	0	0	0	0	0	0	0	0	0	2	0	0	0	0	0	0	3	0	0	3	0	0	0	0	0	0	0	0	0	0	0	0	0	0	0	0	2	0	0	3	0	0	0	0	0	0	0	0	0	0	0	0	0	0	0	0	0	0	0	0
Endoxyla	0	0	0	0	0	0	0	0	0	0	6	0	0	0	0	0	0	0	0	0	0	0	0	0	0	0	0	0	0	0	0	0	0	0	0	0	0	0	0	0	0	0	0	0	0	0	0	0	0	0	0	0	0	2	2	0	0	0	0	0	0	0	0	0	0	0	0	0	0	2
Myceliophthora	0	0	0	0	0	0	0	0	0	0	0	0	0	0	0	4	0	0	0	0	0	0	0	0	0	0	0	0	0	0	0	0	0	0	0	0	0	0	0	0	5	0	0	0	0	0	0	0	0	0	0	0	0	0	0	0	0	0	0	0	0	0	0	0	0	0	0	3	0	0
Austroboletus	0	0	0	0	0	0	0	0	0	0	0	0	0	3	0	0	3	0	0	0	0	2	0	0	0	0	0	0	0	0	0	0	0	0	0	0	0	0	0	0	0	0	0	0	0	0	0	0	0	0	0	0	0	0	0	0	0	0	3	0	0	0	0	0	0	0	0	0	0	0
Microdochium	0	0	0	0	0	0	0	0	0	0	0	0	0	0	0	0	0	0	0	0	3	0	0	0	4	0	0	0	0	0	0	0	0	0	0	0	0	0	0	0	0	0	0	0	0	0	0	0	0	0	0	0	0	0	0	0	0	0	2	0	0	0	0	0	0	0	0	0	2	0
Panaeolus	0	0	0	0	0	0	0	0	0	0	0	0	0	0	0	2	0	2	0	0	0	0	0	3	0	0	0	0	0	0	0	0	0	0	0	0	0	2	0	0	0	0	0	0	0	0	0	0	0	0	0	0	0	0	0	0	0	0	0	0	2	0	0	0	0	0	0	0	0	0
Pararamichloridium	0	0	0	0	0	0	0	0	0	0	0	0	0	0	0	0	0	0	0	0	0	0	0	0	0	0	2	0	0	0	0	0	0	0	0	0	0	0	0	0	5	0	0	0	0	4	0	0	0	0	0	0	0	0	0	0	0	0	0	0	0	0	0	0	0	0	0	0	0	0
Derxomyces	0	0	0	0	0	0	0	0	0	0	0	0	0	0	0	0	0	3	0	2	0	0	0	0	0	0	0	0	0	0	0	0	0	0	0	0	0	0	0	0	0	0	0	0	0	0	0	0	0	3	0	0	0	0	0	0	0	0	0	0	0	0	0	0	0	0	0	0	2	0
Diaporthe	0	0	0	0	0	0	0	0	0	0	0	0	0	0	0	0	0	0	0	0	0	0	0	0	5	0	0	0	0	0	0	0	2	0	0	0	0	0	0	0	3	0	0	0	0	0	0	0	0	0	0	0	0	0	0	0	0	0	0	0	0	0	0	0	0	0	0	0	0	0
Diplogelasinospora	0	0	0	0	0	0	0	0	0	0	0	0	0	0	3	0	0	0	0	0	0	0	0	0	0	0	0	0	0	0	0	0	0	0	0	0	0	0	0	0	0	0	0	0	5	0	0	0	0	0	0	0	0	0	0	0	0	0	0	0	0	0	0	0	0	0	0	0	2	0
Exophiala	0	0	0	0	0	0	0	0	0	0	0	0	0	0	0	0	0	0	0	0	0	0	0	0	2	0	0	0	0	0	0	0	0	0	0	0	0	0	0	0	0	0	0	0	0	0	0	0	0	2	0	0	0	0	0	0	0	0	0	6	0	0	0	0	0	0	0	0	0	0
Idriella	0	0	0	0	0	0	0	0	0	0	0	0	0	0	0	0	0	0	0	0	0	0	0	0	0	0	0	0	0	3	0	0	0	0	0	0	0	0	0	0	0	0	0	0	0	0	5	0	0	0	2	0	0	0	0	0	0	0	0	0	0	0	0	0	0	0	0	0	0	0
Neonothopanus	0	0	0	0	0	0	0	0	0	0	2	0	0	0	0	0	0	0	0	0	0	5	0	0	0	0	0	0	0	0	0	0	0	0	0	0	0	0	0	0	0	0	0	3	0	0	0	0	0	0	0	0	0	0	0	0	0	0	0	0	0	0	0	0	0	0	0	0	0	0
Pseudocercospora	0	0	0	0	0	0	0	0	0	0	0	0	0	0	0	0	0	0	7	0	0	0	0	0	0	0	0	0	0	0	0	0	0	0	0	0	0	0	0	0	0	0	0	0	0	0	0	0	0	0	0	0	0	0	0	3	0	0	0	0	0	0	0	0	0	0	0	0	0	0
Pseudozyma	0	0	0	0	0	0	0	0	0	0	0	0	0	0	0	0	0	0	0	2	0	0	0	0	0	0	0	0	0	0	0	0	0	0	0	0	0	0	0	0	0	0	0	0	0	0	0	0	0	0	0	0	0	0	0	0	0	8	0	0	0	0	0	0	0	0	0	0	0	0
Xepicula	0	0	0	0	0	0	0	0	0	0	0	0	0	0	0	0	0	0	6	0	0	0	0	0	0	0	4	0	0	0	0	0	0	0	0	0	0	0	0	0	0	0	0	0	0	0	0	0	0	0	0	0	0	0	0	0	0	0	0	0	0	0	0	0	0	0	0	0	0	0
Botryosphaeria	0	0	0	0	0	0	0	0	0	0	0	0	0	0	0	0	3	0	0	0	0	0	0	0	0	0	0	0	0	0	0	0	0	0	0	0	0	0	0	0	0	0	0	0	0	0	0	0	4	0	0	0	0	0	2	0	0	0	0	0	0	0	0	0	0	0	0	0	0	0
Camptophora	0	0	0	0	0	0	0	0	0	0	0	0	0	0	0	0	0	0	0	0	0	0	0	0	0	0	0	0	2	0	0	0	0	0	0	0	0	0	0	0	0	0	0	0	0	0	0	0	3	4	0	0	0	0	0	0	0	0	0	0	0	0	0	0	0	0	0	0	0	0
Cystofilobasidium	0	0	0	0	0	0	0	0	0	0	0	0	0	0	0	0	0	0	0	0	0	0	0	0	0	0	0	0	0	0	0	0	0	0	0	0	0	0	0	0	5	0	0	0	0	0	0	0	2	0	0	0	0	0	0	0	0	0	2	0	0	0	0	0	0	0	0	0	0	0
Epicoccum	0	0	0	0	0	0	0	0	0	0	0	0	0	0	0	0	0	0	0	0	0	0	0	0	0	0	0	2	0	0	0	0	0	0	0	0	0	0	0	0	0	0	0	0	0	7	0	0	0	0	0	0	0	0	0	0	0	0	0	0	0	0	0	0	0	0	0	0	0	0
Mycena	0	0	0	0	0	0	0	0	0	0	0	0	0	0	0	0	0	0	0	0	0	0	0	0	0	0	0	0	0	4	0	0	0	0	0	0	0	0	0	0	0	0	2	0	0	0	0	0	3	0	0	0	0	0	0	0	0	0	0	0	0	0	0	0	0	0	0	0	0	0
Phaeohelotium	0	0	0	0	0	0	0	0	0	0	0	0	0	0	0	0	2	0	0	0	0	0	0	0	0	0	0	0	0	0	0	0	0	0	0	0	0	0	0	0	0	0	0	0	0	0	0	0	0	0	0	0	0	5	0	0	0	0	0	0	0	0	0	0	0	0	0	0	0	2
Siepmannia	0	0	0	0	0	0	0	0	0	0	0	0	0	0	0	0	0	0	0	0	0	0	0	0	0	0	0	0	0	0	0	0	0	0	0	2	0	0	0	0	0	0	0	0	0	0	4	0	0	0	0	0	0	0	0	0	0	0	0	0	0	0	0	0	0	0	0	0	0	3
Xylaria	0	0	0	0	0	0	0	0	0	0	0	0	0	0	0	0	0	0	0	0	0	0	0	3	0	0	0	0	0	0	3	0	0	0	0	0	0	0	0	0	0	0	0	0	0	0	0	0	0	0	3	0	0	0	0	0	0	0	0	0	0	0	0	0	0	0	0	0	0	0
Cephaliophora	0	0	0	0	0	0	0	0	0	0	0	0	0	0	0	0	0	0	0	0	0	0	2	0	0	0	0	3	0	0	0	0	0	0	0	0	0	0	0	0	0	0	0	0	0	0	0	3	0	0	0	0	0	0	0	0	0	0	0	0	0	0	0	0	0	0	0	0	0	0
Laetiporus	0	0	0	0	0	0	0	0	0	0	0	0	0	0	0	0	0	0	0	0	0	0	0	0	0	0	0	0	0	0	0	0	0	0	0	0	0	0	0	0	0	0	0	4	0	0	0	0	0	0	0	0	0	0	4	0	0	0	0	0	0	0	0	0	0	0	0	0	0	0
Tinctoporellus	0	0	0	0	0	0	0	0	0	0	0	0	0	0	0	0	0	0	0	0	0	0	2	0	0	0	0	0	0	0	0	0	0	0	0	0	0	0	0	0	0	0	0	0	0	0	0	6	0	0	0	0	0	0	0	0	0	0	0	0	0	0	0	0	0	0	0	0	0	0
Articulospora	0	0	0	0	0	0	0	0	0	0	0	0	0	0	0	0	0	0	0	3	0	0	0	0	0	0	0	0	0	0	0	0	0	0	0	0	0	0	0	0	0	0	0	2	0	2	0	0	0	0	0	0	0	0	0	0	0	0	0	0	0	0	0	0	0	0	0	0	0	0
Ascobolus	0	0	0	0	0	0	0	0	0	0	0	0	0	0	0	0	0	0	0	0	0	0	0	0	0	0	0	0	0	0	0	0	0	0	0	0	0	3	0	0	0	0	2	2	0	0	0	0	0	0	0	0	0	0	0	0	0	0	0	0	0	0	0	0	0	0	0	0	0	0
Beltraniella	0	0	0	0	0	0	0	0	0	0	0	0	0	0	0	0	0	0	0	4	0	0	0	0	0	0	0	0	0	0	0	0	0	0	0	0	0	0	0	0	0	0	0	0	3	0	0	0	0	0	0	0	0	0	0	0	0	0	0	0	0	0	0	0	0	0	0	0	0	0
Fusariella	0	0	0	0	0	0	0	0	0	0	0	0	0	0	0	0	0	0	0	0	0	0	0	0	0	0	0	0	0	0	0	2	0	0	0	0	0	5	0	0	0	0	0	0	0	0	0	0	0	0	0	0	0	0	0	0	0	0	0	0	0	0	0	0	0	0	0	0	0	0
Hypoxylon	0	0	0	0	0	0	0	0	0	0	0	0	0	0	3	0	0	0	0	0	0	0	0	0	0	0	0	0	0	0	0	0	0	0	0	0	0	0	0	0	0	0	0	0	0	0	2	0	0	0	0	0	2	0	0	0	0	0	0	0	0	0	0	0	0	0	0	0	0	0
Kurtzmaniella	0	2	0	0	0	0	0	0	0	0	0	0	0	0	0	0	0	0	0	0	0	0	0	0	0	0	0	0	0	0	0	0	0	0	0	0	0	5	0	0	0	0	0	0	0	0	0	0	0	0	0	0	0	0	0	0	0	0	0	0	0	0	0	0	0	0	0	0	0	0
Melanconiella	0	0	0	0	0	0	0	0	0	0	0	0	0	0	0	0	0	0	3	0	0	0	0	0	0	0	0	0	0	0	0	0	0	0	0	0	0	0	0	0	0	0	0	0	0	0	0	0	0	0	0	0	0	0	0	0	0	0	0	0	0	0	0	0	0	0	0	4	0	0
Radulidium	0	0	0	0	0	0	0	0	0	0	0	0	0	0	0	0	0	0	0	0	0	0	0	0	0	0	0	0	0	0	0	0	0	0	0	0	0	0	0	0	0	0	0	0	0	2	0	0	5	0	0	0	0	0	0	0	0	0	0	0	0	0	0	0	0	0	0	0	0	0
Rigidoporus	0	0	0	0	0	0	0	0	0	0	0	0	0	0	0	0	0	0	0	0	3	0	0	0	0	0	0	0	2	0	0	0	0	0	0	0	0	0	0	0	0	0	0	0	0	0	0	0	0	0	0	0	0	0	2	0	0	0	0	0	0	0	0	0	0	0	0	0	0	0
Acrocalymma	0	0	0	0	0	0	0	0	0	0	0	0	0	3	0	0	0	0	0	0	0	0	0	0	0	0	3	0	0	0	0	0	0	0	0	0	0	0	0	0	0	0	0	0	0	0	0	0	0	0	0	0	0	0	0	0	0	0	0	0	0	0	0	0	0	0	0	0	0	0
Chaetopsina	0	0	0	0	0	0	0	0	0	0	0	0	0	0	0	0	0	0	0	0	0	0	0	0	0	0	0	0	0	0	0	0	0	0	0	0	0	0	0	0	0	0	0	0	0	0	4	0	2	0	0	0	0	0	0	0	0	0	0	0	0	0	0	0	0	0	0	0	0	0
Eutypella	0	0	0	0	0	0	0	0	0	0	0	0	0	0	0	0	0	0	0	0	0	0	0	0	0	0	0	0	0	6	0	0	0	0	0	0	0	0	0	0	0	0	0	0	0	0	0	0	0	0	0	0	0	0	0	0	0	0	0	0	0	0	0	0	0	0	0	0	0	0
Farysia	0	0	0	0	0	0	0	0	0	0	0	0	0	0	0	0	0	0	2	0	0	0	0	0	0	0	0	0	0	0	0	0	0	0	0	0	0	0	0	0	0	0	0	0	4	0	0	0	0	0	0	0	0	0	0	0	0	0	0	0	0	0	0	0	0	0	0	0	0	0
Phlebia	0	0	0	0	0	0	0	0	0	0	0	0	0	0	0	0	0	0	0	0	0	0	0	0	0	0	0	0	0	0	0	0	0	0	0	0	0	0	0	0	0	0	0	0	0	0	0	2	0	4	0	0	0	0	0	0	0	0	0	0	0	0	0	0	0	0	0	0	0	0
Rhexodenticula	0	0	0	0	0	0	0	0	0	0	0	0	0	0	0	0	2	0	0	0	0	0	0	0	0	4	0	0	0	0	0	0	0	0	0	0	0	0	0	0	0	0	0	0	0	0	0	0	0	0	0	0	0	0	0	0	0	0	0	0	0	0	0	0	0	0	0	0	0	0
Thozetella	0	0	0	0	0	0	0	0	0	0	0	0	0	0	0	0	6	0	0	0	0	0	0	0	0	0	0	0	0	0	0	0	0	0	0	0	0	0	0	0	0	0	0	0	0	0	0	0	0	0	0	0	0	0	0	0	0	0	0	0	0	0	0	0	0	0	0	0	0	0
Trametes	0	0	0	0	0	0	0	0	0	0	4	0	0	0	0	0	0	0	0	0	0	2	0	0	0	0	0	0	0	0	0	0	0	0	0	0	0	0	0	0	0	0	0	0	0	0	0	0	0	0	0	0	0	0	0	0	0	0	0	0	0	0	0	0	0	0	0	0	0	0
Venturia	0	0	0	0	0	0	0	0	0	0	0	0	0	0	0	0	0	0	0	0	0	0	0	0	0	0	3	0	0	0	0	0	0	0	0	0	0	0	0	0	0	0	0	0	0	0	0	0	0	0	0	0	0	0	0	0	0	0	0	3	0	0	0	0	0	0	0	0	0	0
Vermiculariopsiella	0	0	0	0	0	0	0	0	0	0	0	0	0	0	0	0	0	0	0	0	0	0	0	0	0	0	0	2	0	0	0	0	0	0	0	0	0	0	0	0	0	0	0	0	0	0	0	4	0	0	0	0	0	0	0	0	0	0	0	0	0	0	0	0	0	0	0	0	0	0
Ceriporia	0	0	0	0	0	0	0	0	0	0	0	0	0	0	0	0	0	0	0	0	0	0	0	0	0	0	0	0	0	3	0	0	0	0	0	0	0	0	0	0	0	0	0	0	0	2	0	0	0	0	0	0	0	0	0	0	0	0	0	0	0	0	0	0	0	0	0	0	0	0
Cladorrhinum	0	3	0	0	0	0	0	0	2	0	0	0	0	0	0	0	0	0	0	0	0	0	0	0	0	0	0	0	0	0	0	0	0	0	0	0	0	0	0	0	0	0	0	0	0	0	0	0	0	0	0	0	0	0	0	0	0	0	0	0	0	0	0	0	0	0	0	0	0	0
Curvularia	0	0	0	0	0	0	0	0	0	0	0	0	0	0	0	0	0	0	0	0	0	0	0	0	0	0	0	0	0	0	0	0	0	0	0	0	0	0	0	0	0	0	0	0	0	0	0	0	5	0	0	0	0	0	0	0	0	0	0	0	0	0	0	0	0	0	0	0	0	0
Cylindrium	0	0	0	0	0	0	0	0	0	0	0	0	0	0	0	0	0	0	5	0	0	0	0	0	0	0	0	0	0	0	0	0	0	0	0	0	0	0	0	0	0	0	0	0	0	0	0	0	0	0	0	0	0	0	0	0	0	0	0	0	0	0	0	0	0	0	0	0	0	0
Flabellascoma	0	0	0	0	0	0	0	0	0	0	0	0	0	0	0	0	0	0	0	0	0	0	0	2	3	0	0	0	0	0	0	0	0	0	0	0	0	0	0	0	0	0	0	0	0	0	0	0	0	0	0	0	0	0	0	0	0	0	0	0	0	0	0	0	0	0	0	0	0	0
Helicosporium	0	0	0	0	0	0	0	0	0	0	0	0	0	0	0	0	0	0	0	0	0	0	0	0	0	0	0	0	0	3	0	0	0	0	0	0	0	0	0	0	0	0	0	0	0	0	2	0	0	0	0	0	0	0	0	0	0	0	0	0	0	0	0	0	0	0	0	0	0	0
Hymenoscyphus	0	0	0	0	0	0	0	0	0	0	0	0	0	0	0	2	0	0	0	0	0	0	0	0	0	0	0	0	0	0	0	0	0	0	0	0	0	0	0	0	0	0	0	0	0	0	0	0	0	0	0	0	0	3	0	0	0	0	0	0	0	0	0	0	0	0	0	0	0	0
Malbranchea	0	0	0	0	0	0	0	0	0	0	0	0	0	0	0	0	0	0	0	0	0	0	0	0	0	0	0	0	0	0	0	0	0	0	0	0	0	0	0	0	0	0	0	0	0	3	0	0	0	2	0	0	0	0	0	0	0	0	0	0	0	0	0	0	0	0	0	0	0	0
Micropsalliota	0	0	0	0	0	0	0	0	0	0	0	0	0	0	0	0	0	0	0	0	0	0	0	0	0	0	0	0	0	0	0	0	0	0	0	0	0	0	0	0	0	0	0	0	0	0	0	2	0	3	0	0	0	0	0	0	0	0	0	0	0	0	0	0	0	0	0	0	0	0
Myrothecium	0	0	0	0	0	0	0	0	0	0	0	0	0	0	0	0	0	0	0	0	0	0	0	0	0	0	0	0	0	3	0	0	0	0	0	0	0	0	0	0	0	0	0	0	0	0	0	0	0	0	0	0	0	0	0	0	0	0	0	0	0	0	0	0	0	0	0	0	2	0
Nodulisporium	0	0	0	0	0	0	0	0	0	0	0	0	0	0	0	0	0	0	0	0	0	0	0	0	0	0	0	0	0	0	0	0	0	0	0	0	0	2	0	0	0	0	0	0	0	0	0	0	0	0	0	0	0	0	0	0	3	0	0	0	0	0	0	0	0	0	0	0	0	0
Parapyrenochaeta	0	0	0	0	0	0	0	0	0	0	0	0	0	0	0	0	0	0	0	0	0	3	0	0	0	0	0	0	0	0	0	0	0	0	0	0	0	0	0	0	2	0	0	0	0	0	0	0	0	0	0	0	0	0	0	0	0	0	0	0	0	0	0	0	0	0	0	0	0	0
Phialocephala	0	0	0	0	0	0	0	0	0	0	0	0	0	0	0	0	5	0	0	0	0	0	0	0	0	0	0	0	0	0	0	0	0	0	0	0	0	0	0	0	0	0	0	0	0	0	0	0	0	0	0	0	0	0	0	0	0	0	0	0	0	0	0	0	0	0	0	0	0	0
Pseudochaetosphaeronema	0	0	0	0	0	0	0	0	0	0	0	0	0	0	0	0	0	0	0	0	0	0	0	0	0	0	0	2	0	0	0	0	0	0	0	0	0	0	0	0	0	0	0	0	0	0	0	0	3	0	0	0	0	0	0	0	0	0	0	0	0	0	0	0	0	0	0	0	0	0
Spissiomyces	0	0	0	0	0	0	0	0	0	0	0	0	0	0	0	0	0	0	0	3	2	0	0	0	0	0	0	0	0	0	0	0	0	0	0	0	0	0	0	0	0	0	0	0	0	0	0	0	0	0	0	0	0	0	0	0	0	0	0	0	0	0	0	0	0	0	0	0	0	0
Stereum	0	0	0	0	0	0	0	0	0	0	0	0	0	0	0	0	0	0	0	0	0	0	0	0	0	0	0	0	2	0	0	0	0	0	0	0	0	0	0	0	3	0	0	0	0	0	0	0	0	0	0	0	0	0	0	0	0	0	0	0	0	0	0	0	0	0	0	0	0	0
Tetracladium	0	0	0	0	0	0	0	0	0	0	0	2	0	0	0	0	0	0	0	0	0	0	0	0	0	0	0	0	0	3	0	0	0	0	0	0	0	0	0	0	0	0	0	0	0	0	0	0	0	0	0	0	0	0	0	0	0	0	0	0	0	0	0	0	0	0	0	0	0	0
Thermothielavioides	0	0	0	0	0	0	0	0	0	0	0	0	0	0	0	0	0	0	0	0	0	0	0	0	0	0	0	0	0	0	0	0	0	0	0	0	0	0	0	0	0	0	0	0	0	0	0	0	5	0	0	0	0	0	0	0	0	0	0	0	0	0	0	0	0	0	0	0	0	0
Xenoacremonium	0	0	0	0	0	0	0	0	0	0	0	0	0	0	0	0	0	0	0	0	0	0	0	0	0	0	0	0	0	0	0	0	0	0	0	0	0	0	0	0	5	0	0	0	0	0	0	0	0	0	0	0	0	0	0	0	0	0	0	0	0	0	0	0	0	0	0	0	0	0
Amauroderma	0	0	0	0	0	0	0	0	0	0	0	0	0	0	0	0	0	0	0	0	0	0	0	0	0	0	0	0	0	0	0	0	0	0	0	0	0	0	0	0	0	0	0	4	0	0	0	0	0	0	0	0	0	0	0	0	0	0	0	0	0	0	0	0	0	0	0	0	0	0
Clavulina	0	0	0	0	0	0	0	0	0	0	0	0	0	0	0	0	0	0	0	0	0	0	0	0	0	0	0	0	0	0	0	0	0	0	0	0	0	0	0	0	0	0	0	4	0	0	0	0	0	0	0	0	0	0	0	0	0	0	0	0	0	0	0	0	0	0	0	0	0	0
Conioscypha	0	0	0	0	0	0	0	0	0	0	0	0	0	0	0	0	0	0	4	0	0	0	0	0	0	0	0	0	0	0	0	0	0	0	0	0	0	0	0	0	0	0	0	0	0	0	0	0	0	0	0	0	0	0	0	0	0	0	0	0	0	0	0	0	0	0	0	0	0	0
Cyphellophora	0	0	0	0	0	0	0	0	0	0	0	0	0	0	0	0	0	0	0	0	4	0	0	0	0	0	0	0	0	0	0	0	0	0	0	0	0	0	0	0	0	0	0	0	0	0	0	0	0	0	0	0	0	0	0	0	0	0	0	0	0	0	0	0	0	0	0	0	0	0
Erythrobasidium	0	0	0	0	0	0	0	0	0	0	0	0	0	0	0	0	0	0	0	0	0	0	0	4	0	0	0	0	0	0	0	0	0	0	0	0	0	0	0	0	0	0	0	0	0	0	0	0	0	0	0	0	0	0	0	0	0	0	0	0	0	0	0	0	0	0	0	0	0	0
Eucalyptostroma	0	0	0	0	0	0	0	0	0	0	0	0	0	0	0	0	0	0	0	0	0	4	0	0	0	0	0	0	0	0	0	0	0	0	0	0	0	0	0	0	0	0	0	0	0	0	0	0	0	0	0	0	0	0	0	0	0	0	0	0	0	0	0	0	0	0	0	0	0	0
Hyphozyma	0	0	0	0	0	0	0	0	0	0	0	0	0	0	0	0	0	0	0	0	0	0	0	0	0	0	0	0	0	0	0	0	0	0	0	0	0	0	0	0	0	0	0	0	0	0	0	0	0	0	0	0	0	0	0	0	0	0	0	0	0	0	0	0	4	0	0	0	0	0
Hypomontagnella	0	0	0	0	0	0	0	0	0	0	0	0	0	0	0	0	0	0	0	0	0	2	0	0	0	0	0	0	0	0	0	0	0	0	0	0	0	0	0	0	0	0	0	0	0	0	0	0	2	0	0	0	0	0	0	0	0	0	0	0	0	0	0	0	0	0	0	0	0	0
Leucosporidium	0	0	0	0	0	0	0	0	0	0	0	0	0	0	0	0	4	0	0	0	0	0	0	0	0	0	0	0	0	0	0	0	0	0	0	0	0	0	0	0	0	0	0	0	0	0	0	0	0	0	0	0	0	0	0	0	0	0	0	0	0	0	0	0	0	0	0	0	0	0
Monochaetia	0	0	0	0	0	0	0	0	0	0	0	2	0	0	0	0	0	0	0	0	0	0	0	0	0	0	2	0	0	0	0	0	0	0	0	0	0	0	0	0	0	0	0	0	0	0	0	0	0	0	0	0	0	0	0	0	0	0	0	0	0	0	0	0	0	0	0	0	0	0
Mycoacia	0	0	0	0	0	0	0	0	0	0	0	0	0	0	0	0	0	0	2	0	0	0	0	0	0	0	0	0	0	0	0	0	0	0	0	2	0	0	0	0	0	0	0	0	0	0	0	0	0	0	0	0	0	0	0	0	0	0	0	0	0	0	0	0	0	0	0	0	0	0
Neomassarina	0	0	0	0	0	0	0	0	0	0	0	0	0	0	0	0	0	0	0	0	0	0	0	0	0	0	0	0	0	0	0	0	0	0	0	0	0	0	0	0	0	0	0	0	0	4	0	0	0	0	0	0	0	0	0	0	0	0	0	0	0	0	0	0	0	0	0	0	0	0
Neosetophoma	0	0	0	0	0	0	0	0	0	0	0	0	0	0	0	0	0	0	0	0	0	0	0	0	0	0	0	0	0	0	0	0	0	0	0	0	0	0	0	0	0	0	0	0	0	0	0	0	0	0	0	0	0	4	0	0	0	0	0	0	0	0	0	0	0	0	0	0	0	0
Phaeodothis	0	0	0	0	0	0	0	0	0	0	0	0	2	0	0	0	0	0	0	0	0	0	0	0	0	0	0	0	0	0	0	0	0	0	0	0	0	0	0	0	0	0	0	0	0	0	2	0	0	0	0	0	0	0	0	0	0	0	0	0	0	0	0	0	0	0	0	0	0	0
Pyxidiophora	0	0	0	0	0	0	0	0	0	0	0	0	0	0	0	0	0	0	0	0	0	0	0	0	0	0	0	0	0	0	0	0	0	0	0	0	0	0	0	0	0	0	0	0	0	0	0	0	0	0	0	0	0	4	0	0	0	0	0	0	0	0	0	0	0	0	0	0	0	0
Solicoccozyma	0	0	0	0	0	0	0	0	0	0	0	0	0	0	0	2	0	0	0	0	0	0	0	0	0	0	0	0	0	0	0	2	0	0	0	0	0	0	0	0	0	0	0	0	0	0	0	0	0	0	0	0	0	0	0	0	0	0	0	0	0	0	0	0	0	0	0	0	0	0
Taphrina	0	0	0	0	0	0	0	0	0	0	2	0	0	0	0	0	0	2	0	0	0	0	0	0	0	0	0	0	0	0	0	0	0	0	0	0	0	0	0	0	0	0	0	0	0	0	0	0	0	0	0	0	0	0	0	0	0	0	0	0	0	0	0	0	0	0	0	0	0	0
Trichothecium	0	0	0	0	0	0	0	0	0	0	0	0	0	0	0	0	0	0	0	0	0	0	0	0	0	0	0	0	0	0	0	0	0	0	0	0	0	0	0	0	0	0	0	0	0	0	0	0	4	0	0	0	0	0	0	0	0	0	0	0	0	0	0	0	0	0	0	0	0	0
Acrostalagmus	0	0	0	0	0	0	0	0	0	0	0	0	0	0	0	0	0	0	0	0	0	0	0	0	0	0	0	0	0	0	0	0	0	0	0	0	0	0	0	0	0	0	0	0	0	0	0	0	0	0	0	0	0	0	0	0	0	0	3	0	0	0	0	0	0	0	0	0	0	0
Annulohypoxylon	0	0	0	0	0	0	0	0	0	0	0	0	0	0	0	0	0	0	0	0	0	0	0	0	0	0	3	0	0	0	0	0	0	0	0	0	0	0	0	0	0	0	0	0	0	0	0	0	0	0	0	0	0	0	0	0	0	0	0	0	0	0	0	0	0	0	0	0	0	0
Arthrographis	0	0	0	0	0	0	0	0	0	0	0	0	0	0	0	0	0	0	0	0	3	0	0	0	0	0	0	0	0	0	0	0	0	0	0	0	0	0	0	0	0	0	0	0	0	0	0	0	0	0	0	0	0	0	0	0	0	0	0	0	0	0	0	0	0	0	0	0	0	0
Bimuria	0	0	0	0	0	0	0	0	0	0	0	0	0	0	0	0	0	0	0	3	0	0	0	0	0	0	0	0	0	0	0	0	0	0	0	0	0	0	0	0	0	0	0	0	0	0	0	0	0	0	0	0	0	0	0	0	0	0	0	0	0	0	0	0	0	0	0	0	0	0
Bjerkandera	0	0	0	0	0	0	0	0	0	0	0	0	0	0	0	0	0	0	0	0	0	0	0	0	0	0	0	0	0	0	0	0	0	0	0	0	0	0	0	0	0	0	0	0	0	0	0	3	0	0	0	0	0	0	0	0	0	0	0	0	0	0	0	0	0	0	0	0	0	0
Cadophora	0	0	0	0	0	0	0	0	0	0	0	0	0	0	0	0	0	0	0	0	0	0	0	0	0	0	0	0	0	0	0	0	0	0	0	0	0	0	0	0	0	0	0	0	0	0	0	0	0	0	0	0	0	0	0	0	0	0	0	3	0	0	0	0	0	0	0	0	0	0
Cephalotrichum	0	0	0	0	0	0	0	0	0	0	0	0	0	0	0	0	0	0	0	3	0	0	0	0	0	0	0	0	0	0	0	0	0	0	0	0	0	0	0	0	0	0	0	0	0	0	0	0	0	0	0	0	0	0	0	0	0	0	0	0	0	0	0	0	0	0	0	0	0	0
Coniosporium	0	0	0	0	0	0	0	0	0	0	0	0	0	0	0	0	0	0	0	0	0	0	0	0	0	0	0	0	0	0	0	0	0	0	0	0	0	0	0	0	0	0	0	0	0	0	0	0	0	3	0	0	0	0	0	0	0	0	0	0	0	0	0	0	0	0	0	0	0	0
Cosmospora	0	0	0	0	0	0	0	0	0	0	0	0	0	0	0	0	0	0	0	0	0	0	0	0	0	0	0	0	0	0	0	0	0	0	0	0	0	0	0	0	0	0	0	0	0	0	0	0	3	0	0	0	0	0	0	0	0	0	0	0	0	0	0	0	0	0	0	0	0	0
Cryptophiale	0	0	0	0	0	0	0	0	0	0	0	0	0	0	0	0	0	0	0	0	0	0	0	0	0	3	0	0	0	0	0	0	0	0	0	0	0	0	0	0	0	0	0	0	0	0	0	0	0	0	0	0	0	0	0	0	0	0	0	0	0	0	0	0	0	0	0	0	0	0
Cyberlindnera	0	0	0	0	0	0	0	0	0	0	0	0	0	0	0	0	0	0	0	0	0	0	0	0	0	0	0	0	0	0	0	0	0	0	0	0	0	0	0	0	0	0	0	0	0	3	0	0	0	0	0	0	0	0	0	0	0	0	0	0	0	0	0	0	0	0	0	0	0	0
Gongronella	0	0	0	0	0	0	0	0	0	0	0	0	0	0	0	0	0	0	0	0	0	0	0	0	0	0	0	0	0	3	0	0	0	0	0	0	0	0	0	0	0	0	0	0	0	0	0	0	0	0	0	0	0	0	0	0	0	0	0	0	0	0	0	0	0	0	0	0	0	0
Grammothele	0	0	0	0	0	0	0	0	0	0	0	0	0	0	0	0	0	0	0	0	0	0	0	0	0	0	0	0	0	0	0	0	0	0	0	0	0	0	0	0	0	0	0	0	0	0	0	0	3	0	0	0	0	0	0	0	0	0	0	0	0	0	0	0	0	0	0	0	0	0
Heterocephalacria	0	0	0	0	0	0	0	0	0	0	0	0	0	0	0	0	0	0	0	0	0	0	0	0	0	0	3	0	0	0	0	0	0	0	0	0	0	0	0	0	0	0	0	0	0	0	0	0	0	0	0	0	0	0	0	0	0	0	0	0	0	0	0	0	0	0	0	0	0	0
Hirsutella	0	0	0	0	0	0	0	0	0	0	0	0	0	0	0	0	0	0	0	0	0	0	0	0	0	0	0	0	3	0	0	0	0	0	0	0	0	0	0	0	0	0	0	0	0	0	0	0	0	0	0	0	0	0	0	0	0	0	0	0	0	0	0	0	0	0	0	0	0	0
Leptosphaeria	0	0	0	0	0	0	0	0	0	0	0	0	0	0	0	0	0	0	0	0	0	3	0	0	0	0	0	0	0	0	0	0	0	0	0	0	0	0	0	0	0	0	0	0	0	0	0	0	0	0	0	0	0	0	0	0	0	0	0	0	0	0	0	0	0	0	0	0	0	0
Madurella	0	0	0	0	0	0	0	0	0	0	0	0	0	0	0	0	0	0	0	0	0	0	0	0	0	0	0	0	0	0	0	0	0	0	0	0	0	0	0	0	0	0	0	0	0	0	0	0	0	0	0	0	0	0	0	0	0	0	0	3	0	0	0	0	0	0	0	0	0	0
Minimelanolocus	0	0	0	0	0	0	0	0	0	0	0	0	0	0	0	0	0	0	0	0	0	0	0	0	0	0	0	3	0	0	0	0	0	0	0	0	0	0	0	0	0	0	0	0	0	0	0	0	0	0	0	0	0	0	0	0	0	0	0	0	0	0	0	0	0	0	0	0	0	0
Paraisaria	0	0	0	0	0	0	0	0	0	0	0	0	0	0	0	0	0	0	0	0	0	3	0	0	0	0	0	0	0	0	0	0	0	0	0	0	0	0	0	0	0	0	0	0	0	0	0	0	0	0	0	0	0	0	0	0	0	0	0	0	0	0	0	0	0	0	0	0	0	0
Phaeoacremonium	0	0	0	0	0	0	0	0	0	0	0	0	0	0	0	0	0	0	0	0	0	0	0	0	0	0	0	0	0	3	0	0	0	0	0	0	0	0	0	0	0	0	0	0	0	0	0	0	0	0	0	0	0	0	0	0	0	0	0	0	0	0	0	0	0	0	0	0	0	0
Phaeophleospora	0	0	0	0	0	0	0	0	0	0	0	0	0	0	0	0	0	0	3	0	0	0	0	0	0	0	0	0	0	0	0	0	0	0	0	0	0	0	0	0	0	0	0	0	0	0	0	0	0	0	0	0	0	0	0	0	0	0	0	0	0	0	0	0	0	0	0	0	0	0
Pseudophialophora	0	0	0	0	0	0	0	0	0	0	0	0	0	0	0	0	0	0	0	0	0	0	0	0	0	0	3	0	0	0	0	0	0	0	0	0	0	0	0	0	0	0	0	0	0	0	0	0	0	0	0	0	0	0	0	0	0	0	0	0	0	0	0	0	0	0	0	0	0	0
Pyrenochaeta	0	0	0	0	0	0	0	0	0	0	0	0	0	0	0	0	0	0	0	0	0	0	0	0	0	0	0	0	0	0	0	0	0	0	0	0	0	0	0	0	0	0	0	0	0	0	0	0	0	0	0	0	0	0	0	0	0	0	0	3	0	0	0	0	0	0	0	0	0	0
Saitozyma	0	0	0	0	0	0	0	0	0	0	0	0	0	0	0	0	0	0	0	0	3	0	0	0	0	0	0	0	0	0	0	0	0	0	0	0	0	0	0	0	0	0	0	0	0	0	0	0	0	0	0	0	0	0	0	0	0	0	0	0	0	0	0	0	0	0	0	0	0	0
Scopuloides	0	0	0	0	0	0	0	0	0	0	0	0	0	0	0	0	0	0	0	0	0	0	0	0	0	0	0	0	0	0	0	0	0	0	0	0	0	0	0	0	0	0	0	0	0	0	0	3	0	0	0	0	0	0	0	0	0	0	0	0	0	0	0	0	0	0	0	0	0	0
Sporormiella	0	0	0	0	0	0	0	0	0	0	0	0	0	0	0	0	0	0	0	0	0	0	0	0	0	0	0	0	0	0	0	0	0	0	0	0	0	0	0	0	0	0	0	0	0	3	0	0	0	0	0	0	0	0	0	0	0	0	0	0	0	0	0	0	0	0	0	0	0	0
Stemphylium	0	0	0	0	0	0	0	0	0	0	0	0	0	0	0	0	0	0	0	0	0	0	0	0	0	0	0	0	0	0	0	0	0	0	0	0	0	0	0	0	0	0	0	0	0	0	0	0	3	0	0	0	0	0	0	0	0	0	0	0	0	0	0	0	0	0	0	0	0	0
Teratoramularia	0	0	0	0	0	0	0	0	0	0	0	0	0	0	0	0	0	0	0	0	0	0	0	0	0	0	0	0	0	0	0	0	0	0	0	0	0	0	0	0	0	0	0	0	0	0	0	0	0	0	0	0	0	0	0	0	0	0	0	0	0	0	0	0	0	0	0	0	3	0
Tomentellopsis	0	0	0	0	0	0	0	0	0	0	0	0	0	0	0	0	0	0	0	0	0	0	0	0	0	0	0	0	0	0	0	0	0	0	0	0	0	0	0	0	0	0	0	0	0	3	0	0	0	0	0	0	0	0	0	0	0	0	0	0	0	0	0	0	0	0	0	0	0	0
Torula	0	0	0	0	0	0	0	0	0	0	3	0	0	0	0	0	0	0	0	0	0	0	0	0	0	0	0	0	0	0	0	0	0	0	0	0	0	0	0	0	0	0	0	0	0	0	0	0	0	0	0	0	0	0	0	0	0	0	0	0	0	0	0	0	0	0	0	0	0	0
Udeniomyces	0	0	0	0	0	0	0	0	0	0	0	0	0	0	0	0	0	3	0	0	0	0	0	0	0	0	0	0	0	0	0	0	0	0	0	0	0	0	0	0	0	0	0	0	0	0	0	0	0	0	0	0	0	0	0	0	0	0	0	0	0	0	0	0	0	0	0	0	0	0
Virosphaerella	0	0	0	0	0	0	0	0	0	0	0	0	0	0	0	0	0	0	0	0	0	0	0	0	0	0	0	0	3	0	0	0	0	0	0	0	0	0	0	0	0	0	0	0	0	0	0	0	0	0	0	0	0	0	0	0	0	0	0	0	0	0	0	0	0	0	0	0	0	0
Xylomelasma	0	0	0	0	0	0	0	0	0	0	0	0	0	0	0	0	0	0	0	0	3	0	0	0	0	0	0	0	0	0	0	0	0	0	0	0	0	0	0	0	0	0	0	0	0	0	0	0	0	0	0	0	0	0	0	0	0	0	0	0	0	0	0	0	0	0	0	0	0	0
Zeloasperisporium	0	0	0	0	0	0	0	0	0	0	0	0	0	0	0	0	0	0	0	0	0	0	0	0	0	0	0	0	0	0	0	0	0	0	0	0	0	0	0	0	0	0	0	0	0	0	0	0	0	0	0	0	0	0	0	0	0	0	0	0	0	0	0	0	3	0	0	0	0	0
Achroiostachys	0	0	0	0	0	0	0	0	0	0	0	0	0	0	0	0	0	0	0	2	0	0	0	0	0	0	0	0	0	0	0	0	0	0	0	0	0	0	0	0	0	0	0	0	0	0	0	0	0	0	0	0	0	0	0	0	0	0	0	0	0	0	0	0	0	0	0	0	0	0
Arcuadendron	0	0	0	0	0	0	0	0	0	0	0	0	0	0	0	0	0	0	2	0	0	0	0	0	0	0	0	0	0	0	0	0	0	0	0	0	0	0	0	0	0	0	0	0	0	0	0	0	0	0	0	0	0	0	0	0	0	0	0	0	0	0	0	0	0	0	0	0	0	0
Athelia	0	0	0	0	0	0	0	0	0	0	0	0	0	0	0	0	0	0	0	0	0	0	0	0	0	0	0	0	0	0	0	0	0	0	0	0	0	0	0	0	0	0	0	0	0	0	0	2	0	0	0	0	0	0	0	0	0	0	0	0	0	0	0	0	0	0	0	0	0	0
Auricularia	0	0	0	0	0	0	0	0	0	0	0	0	0	0	0	0	0	0	0	0	0	0	0	0	0	0	0	0	0	2	0	0	0	0	0	0	0	0	0	0	0	0	0	0	0	0	0	0	0	0	0	0	0	0	0	0	0	0	0	0	0	0	0	0	0	0	0	0	0	0
Bifiguratus	0	0	0	0	0	0	0	0	0	0	0	0	0	0	0	0	0	0	0	0	0	0	0	0	0	0	0	0	0	0	0	0	0	0	0	0	0	0	0	0	0	0	0	0	0	0	0	0	2	0	0	0	0	0	0	0	0	0	0	0	0	0	0	0	0	0	0	0	0	0
Botryobasidium	0	0	0	0	0	0	0	0	0	0	0	0	0	0	0	0	0	0	0	0	0	0	0	0	0	0	2	0	0	0	0	0	0	0	0	0	0	0	0	0	0	0	0	0	0	0	0	0	0	0	0	0	0	0	0	0	0	0	0	0	0	0	0	0	0	0	0	0	0	0
Chrysosporium	0	0	0	0	0	0	0	0	0	0	0	0	0	0	0	0	0	0	0	0	0	0	0	0	0	0	0	0	0	0	2	0	0	0	0	0	0	0	0	0	0	0	0	0	0	0	0	0	0	0	0	0	0	0	0	0	0	0	0	0	0	0	0	0	0	0	0	0	0	0
Coemansia	0	0	2	0	0	0	0	0	0	0	0	0	0	0	0	0	0	0	0	0	0	0	0	0	0	0	0	0	0	0	0	0	0	0	0	0	0	0	0	0	0	0	0	0	0	0	0	0	0	0	0	0	0	0	0	0	0	0	0	0	0	0	0	0	0	0	0	0	0	0
Coniella	0	0	0	0	0	0	0	0	0	0	0	2	0	0	0	0	0	0	0	0	0	0	0	0	0	0	0	0	0	0	0	0	0	0	0	0	0	0	0	0	0	0	0	0	0	0	0	0	0	0	0	0	0	0	0	0	0	0	0	0	0	0	0	0	0	0	0	0	0	0
Coprinus	0	0	0	0	0	0	0	0	0	0	0	2	0	0	0	0	0	0	0	0	0	0	0	0	0	0	0	0	0	0	0	0	0	0	0	0	0	0	0	0	0	0	0	0	0	0	0	0	0	0	0	0	0	0	0	0	0	0	0	0	0	0	0	0	0	0	0	0	0	0
Dendrochytridium	0	0	0	0	0	0	0	0	0	0	0	0	0	0	0	0	0	0	0	0	0	0	2	0	0	0	0	0	0	0	0	0	0	0	0	0	0	0	0	0	0	0	0	0	0	0	0	0	0	0	0	0	0	0	0	0	0	0	0	0	0	0	0	0	0	0	0	0	0	0
Dendryphion	0	0	0	0	0	0	0	0	0	0	0	0	0	0	0	2	0	0	0	0	0	0	0	0	0	0	0	0	0	0	0	0	0	0	0	0	0	0	0	0	0	0	0	0	0	0	0	0	0	0	0	0	0	0	0	0	0	0	0	0	0	0	0	0	0	0	0	0	0	0
Dinemasporium	0	0	0	0	0	0	0	0	0	0	0	0	0	0	0	0	0	0	0	0	0	0	0	0	0	0	0	0	0	0	0	0	0	0	0	0	0	0	0	0	0	0	0	0	0	0	0	0	0	2	0	0	0	0	0	0	0	0	0	0	0	0	0	0	0	0	0	0	0	0
Donkioporiella	0	0	0	0	0	0	0	0	0	0	0	0	0	0	0	0	0	0	0	0	0	2	0	0	0	0	0	0	0	0	0	0	0	0	0	0	0	0	0	0	0	0	0	0	0	0	0	0	0	0	0	0	0	0	0	0	0	0	0	0	0	0	0	0	0	0	0	0	0	0
Erysiphe	0	0	0	0	0	0	0	0	0	0	0	0	0	0	0	0	0	0	0	0	0	0	0	0	0	2	0	0	0	0	0	0	0	0	0	0	0	0	0	0	0	0	0	0	0	0	0	0	0	0	0	0	0	0	0	0	0	0	0	0	0	0	0	0	0	0	0	0	0	0
Exidia	0	0	0	0	0	0	0	0	0	0	0	0	0	0	0	0	0	0	0	0	0	0	0	0	0	0	0	0	0	0	0	0	0	0	0	0	0	0	0	0	0	0	0	0	0	0	0	0	0	0	0	0	0	0	0	0	2	0	0	0	0	0	0	0	0	0	0	0	0	0
Ilyonectria	0	0	0	0	0	0	0	0	0	0	0	0	0	0	0	2	0	0	0	0	0	0	0	0	0	0	0	0	0	0	0	0	0	0	0	0	0	0	0	0	0	0	0	0	0	0	0	0	0	0	0	0	0	0	0	0	0	0	0	0	0	0	0	0	0	0	0	0	0	0
Leptospora	0	0	0	0	0	0	0	0	0	0	0	2	0	0	0	0	0	0	0	0	0	0	0	0	0	0	0	0	0	0	0	0	0	0	0	0	0	0	0	0	0	0	0	0	0	0	0	0	0	0	0	0	0	0	0	0	0	0	0	0	0	0	0	0	0	0	0	0	0	0
Monocillium	0	0	0	0	0	0	0	0	0	0	0	0	0	0	0	0	0	0	0	0	0	0	0	0	0	0	0	0	0	0	0	0	0	0	0	0	0	0	0	0	0	0	0	0	0	2	0	0	0	0	0	0	0	0	0	0	0	0	0	0	0	0	0	0	0	0	0	0	0	0
Myxotrichum	0	0	0	0	0	0	0	0	0	0	0	0	0	0	0	0	0	0	0	0	0	0	0	0	0	0	0	0	2	0	0	0	0	0	0	0	0	0	0	0	0	0	0	0	0	0	0	0	0	0	0	0	0	0	0	0	0	0	0	0	0	0	0	0	0	0	0	0	0	0
Nemania	0	0	0	0	0	0	0	0	0	0	0	0	0	0	0	0	0	2	0	0	0	0	0	0	0	0	0	0	0	0	0	0	0	0	0	0	0	0	0	0	0	0	0	0	0	0	0	0	0	0	0	0	0	0	0	0	0	0	0	0	0	0	0	0	0	0	0	0	0	0
Ophiocordyceps	0	0	0	0	0	0	0	0	0	0	0	0	0	0	0	0	0	0	0	0	0	0	0	0	0	0	0	0	0	0	0	0	0	0	0	0	0	0	0	0	2	0	0	0	0	0	0	0	0	0	0	0	0	0	0	0	0	0	0	0	0	0	0	0	0	0	0	0	0	0
Papiliotrema	0	0	0	0	0	0	0	0	0	0	0	0	0	0	0	2	0	0	0	0	0	0	0	0	0	0	0	0	0	0	0	0	0	0	0	0	0	0	0	0	0	0	0	0	0	0	0	0	0	0	0	0	0	0	0	0	0	0	0	0	0	0	0	0	0	0	0	0	0	0
Perenniporia	0	0	0	0	0	0	0	0	0	0	0	0	0	0	0	0	0	0	0	0	0	0	0	0	0	0	0	0	0	2	0	0	0	0	0	0	0	0	0	0	0	0	0	0	0	0	0	0	0	0	0	0	0	0	0	0	0	0	0	0	0	0	0	0	0	0	0	0	0	0
Pestalotia	0	0	0	0	0	0	0	0	0	0	0	0	0	0	0	0	0	2	0	0	0	0	0	0	0	0	0	0	0	0	0	0	0	0	0	0	0	0	0	0	0	0	0	0	0	0	0	0	0	0	0	0	0	0	0	0	0	0	0	0	0	0	0	0	0	0	0	0	0	0
Phialosimplex	0	0	0	0	0	0	0	0	0	0	0	0	0	0	0	0	0	0	0	0	0	0	0	0	0	0	0	0	0	0	0	0	0	0	0	0	0	0	0	0	0	0	0	0	0	0	0	0	2	0	0	0	0	0	0	0	0	0	0	0	0	0	0	0	0	0	0	0	0	0
Pleurostoma	0	0	0	0	0	0	0	0	0	0	0	0	0	0	0	0	0	2	0	0	0	0	0	0	0	0	0	0	0	0	0	0	0	0	0	0	0	0	0	0	0	0	0	0	0	0	0	0	0	0	0	0	0	0	0	0	0	0	0	0	0	0	0	0	0	0	0	0	0	0
Pleurotus	0	0	0	0	0	0	0	0	0	0	0	0	0	0	0	0	0	0	0	0	0	0	0	0	0	0	0	0	0	0	0	0	0	0	0	0	0	0	0	0	0	0	0	2	0	0	0	0	0	0	0	0	0	0	0	0	0	0	0	0	0	0	0	0	0	0	0	0	0	0
Podosphaera	0	0	0	0	0	0	0	0	0	0	0	0	0	0	0	0	0	0	0	0	0	0	0	0	2	0	0	0	0	0	0	0	0	0	0	0	0	0	0	0	0	0	0	0	0	0	0	0	0	0	0	0	0	0	0	0	0	0	0	0	0	0	0	0	0	0	0	0	0	0
Pyrenochaetopsis	0	0	0	0	0	0	0	0	0	0	0	0	0	0	0	0	0	0	0	0	0	0	0	0	0	0	0	0	0	0	0	0	0	0	0	0	0	0	0	0	0	0	2	0	0	0	0	0	0	0	0	0	0	0	0	0	0	0	0	0	0	0	0	0	0	0	0	0	0	0
Ramularia	0	0	0	0	0	0	0	0	0	0	0	0	0	0	0	0	0	0	0	0	0	0	0	0	0	0	0	0	0	0	0	0	0	0	0	0	0	2	0	0	0	0	0	0	0	0	0	0	0	0	0	0	0	0	0	0	0	0	0	0	0	0	0	0	0	0	0	0	0	0
Sporidesmium	0	0	0	0	0	0	0	0	0	0	0	2	0	0	0	0	0	0	0	0	0	0	0	0	0	0	0	0	0	0	0	0	0	0	0	0	0	0	0	0	0	0	0	0	0	0	0	0	0	0	0	0	0	0	0	0	0	0	0	0	0	0	0	0	0	0	0	0	0	0
Sporobolomyces	0	0	0	0	0	0	0	0	0	0	0	0	0	0	0	0	0	0	0	2	0	0	0	0	0	0	0	0	0	0	0	0	0	0	0	0	0	0	0	0	0	0	0	0	0	0	0	0	0	0	0	0	0	0	0	0	0	0	0	0	0	0	0	0	0	0	0	0	0	0
Syncephalis	0	0	0	0	0	0	0	0	0	0	0	0	0	0	0	0	0	0	0	0	0	0	0	0	0	0	0	0	0	0	0	0	0	2	0	0	0	0	0	0	0	0	0	0	0	0	0	0	0	0	0	0	0	0	0	0	0	0	0	0	0	0	0	0	0	0	0	0	0	0
Tubeufia	0	0	0	0	0	0	0	0	0	0	0	0	0	0	0	0	0	0	0	2	0	0	0	0	0	0	0	0	0	0	0	0	0	0	0	0	0	0	0	0	0	0	0	0	0	0	0	0	0	0	0	0	0	0	0	0	0	0	0	0	0	0	0	0	0	0	0	0	0	0
